1745378254478 0.49739875 0
1745378254479 0.49558625 1
1745378254480 0.49455375 2
1745378254481 0.4937225 3
1745378254482 0.49335875 4
1745378254483 0.49256625 5
1745378254484 0.49183125 6
1745378254484 0.49147 7
1745378254485 0.49125 8
1745378254486 0.49064375 9
1745378254487 0.49009125 10
1745378254488 0.49002375 11
1745378254489 0.48953125 12
1745378254490 0.48909 13
1745378254490 0.4889075 14
1745378254491 0.4887025 15
1745378254492 0.48866 16
1745378254493 0.48868875 17
1745378254494 0.4888775 18
1745378254494 0.488565 19
1745378254495 0.48873625 20
1745378254496 0.488895 21
1745378254497 0.489215 22
1745378254498 0.487775 23
1745378254499 0.4875675 24
1745378254499 0.48745125 25
1745378254500 0.4874925 26
1745378254501 0.48747 27
1745378254502 0.4875775 28
1745378254503 0.4873025 29
1745378254503 0.4870875 30
1745378254504 0.4863825 31
1745378254505 0.48612 32
1745378254506 0.4859425 33
1745378254507 0.48609625 34
1745378254507 0.48609625 35
1745378254508 0.485695 36
1745378254509 0.4855475 37
1745378254510 0.485465 38
1745378254511 0.485455 39
1745378254512 0.48545375 40
1745378254512 0.4853375 41
1745378254513 0.4850475 42
1745378254514 0.48505125 43
1745378254515 0.485065 44
1745378254516 0.484965 45
1745378254516 0.48457625 46
1745378254517 0.48458125 47
1745378254518 0.48430125 48
1745378254519 0.48407125 49
1745378254520 0.48409875 50
1745378254521 0.48407 51
1745378254522 0.484 52
1745378254522 0.4839925 53
1745378254523 0.48402 54
1745378254524 0.48404625 55
1745378254525 0.48408375 56
1745378254526 0.4838375 57
1745378254527 0.48387625 58
1745378254527 0.4836675 59
1745378254528 0.48357375 60
1745378254529 0.48350875 61
1745378254530 0.4833175 62
1745378254531 0.48322125 63
1745378254531 0.4832675 64
1745378254532 0.48346125 65
1745378254533 0.48323 66
1745378254534 0.48336375 67
1745378254535 0.48355125 68
1745378254536 0.4833925 69
1745378254536 0.48337 70
1745378254537 0.48288 71
1745378254538 0.4830025 72
1745378254539 0.482955 73
1745378254540 0.482775 74
1745378254541 0.48256125 75
1745378254542 0.4823975 76
1745378254543 0.482055 77
1745378254543 0.4820825 78
1745378254544 0.48186875 79
1745378254545 0.48172 80
1745378254546 0.48169125 81
1745378254547 0.48163125 82
1745378254548 0.4814625 83
1745378254548 0.4816175 84
1745378254549 0.48173375 85
1745378254550 0.4816675 86
1745378254551 0.4815525 87
1745378254552 0.48155625 88
1745378254553 0.48125625 89
1745378254553 0.48121 90
1745378254554 0.48105625 91
1745378254555 0.480955 92
1745378254556 0.4809075 93
1745378254557 0.48091625 94
1745378254557 0.4805625 95
1745378254558 0.48060625 96
1745378254559 0.48062125 97
1745378254560 0.4803025 98
1745378254561 0.48027875 99
