1745378254310 0.6931434816845506 0
1745378254311 0.6931404423585534 1
1745378254312 0.6931359586348385 2
1745378254313 0.6931322164672613 3
1745378254314 0.6931297571936995 4
1745378254314 0.6931248586454243 5
1745378254315 0.6931210568656028 6
1745378254316 0.6931179637369513 7
1745378254317 0.6931150327919423 8
1745378254318 0.6931117810180784 9
1745378254318 0.6931083179531247 10
1745378254319 0.6931047734814137 11
1745378254320 0.6931015920206904 12
1745378254321 0.6930984190155566 13
1745378254322 0.6930953704885393 14
1745378254323 0.6930919072142988 15
1745378254324 0.6930887648387999 16
1745378254324 0.6930863048451393 17
1745378254325 0.6930840756761283 18
1745378254326 0.6930812829566747 19
1745378254327 0.6930789078553766 20
1745378254328 0.6930766869735718 21
1745378254328 0.6930745950580388 22
1745378254329 0.6930693892268837 23
1745378254330 0.6930651719220727 24
1745378254331 0.6930620613414049 25
1745378254332 0.6930592263154686 26
1745378254333 0.6930563835317641 27
1745378254334 0.6930533649935573 28
1745378254334 0.6930484033950418 29
1745378254335 0.6930447611352801 30
1745378254336 0.6930407442586869 31
1745378254337 0.693036524734646 32
1745378254338 0.6930317312461137 33
1745378254339 0.6930283588846773 34
1745378254340 0.6930256461482495 35
1745378254341 0.6930220489544422 36
1745378254341 0.6930174020607024 37
1745378254342 0.6930137166600674 38
1745378254343 0.69300933183074 39
1745378254344 0.6930071534164995 40
1745378254345 0.6930035783733427 41
1745378254346 0.6930006357479468 42
1745378254346 0.6929985920262337 43
1745378254347 0.692996865962632 44
1745378254348 0.6929935469789803 45
1745378254349 0.6929885475429147 46
1745378254350 0.6929865145011991 47
1745378254351 0.6929814347791672 48
1745378254352 0.692977700011991 49
1745378254352 0.6929760207898915 50
1745378254353 0.6929718533094227 51
1745378254354 0.6929696877816319 52
1745378254355 0.6929670103864372 53
1745378254356 0.6929652582109347 54
1745378254357 0.6929617410449683 55
1745378254357 0.6929572590724006 56
1745378254358 0.6929531952372938 57
1745378254359 0.6929502150142566 58
1745378254360 0.6929468691348285 59
1745378254361 0.692942736633718 60
1745378254361 0.6929397813954576 61
1745378254362 0.6929360673249141 62
1745378254363 0.6929332506784052 63
1745378254364 0.6929296425874903 64
1745378254365 0.6929271978243068 65
1745378254365 0.6929226272655279 66
1745378254366 0.6929202643630653 67
1745378254368 0.6929180269028247 68
1745378254368 0.6929129664799198 69
1745378254369 0.6929098241848871 70
1745378254370 0.6929052218450233 71
1745378254371 0.6929029462860897 72
1745378254372 0.6929000012852251 73
1745378254372 0.692896358313486 74
1745378254373 0.692892036899589 75
1745378254374 0.6928893316331133 76
1745378254375 0.6928864014572278 77
1745378254377 0.6928828615936637 78
1745378254378 0.6928778595390915 79
1745378254378 0.6928735962709784 80
1745378254379 0.6928702175757289 81
1745378254380 0.692868435093537 82
1745378254381 0.6928643155093863 83
1745378254382 0.6928607979279756 84
1745378254383 0.6928586966096237 85
1745378254383 0.6928552809353918 86
1745378254384 0.6928502915377542 87
1745378254385 0.692848915191181 88
1745378254386 0.6928450258406996 89
1745378254387 0.692841727248691 90
1745378254388 0.6928373418400436 91
1745378254388 0.6928330163548514 92
1745378254389 0.6928295994186774 93
1745378254390 0.6928264872758091 94
1745378254391 0.6928215276448056 95
1745378254392 0.6928180212002992 96
1745378254392 0.6928154413524643 97
1745378254393 0.6928099406132474 98
1745378254394 0.692806197698079 99
