1745378254792 0.49999813997689635 0
1745378254793 0.4999966100185737 1
1745378254794 0.4999943485616893 2
1745378254795 0.4999924591984972 3
1745378254795 0.4999912185338512 4
1745378254796 0.4999887340753898 5
1745378254797 0.49998680613733826 6
1745378254797 0.49998523484297097 7
1745378254798 0.49998374506704507 8
1745378254799 0.4999820884040743 9
1745378254800 0.49998031911700963 10
1745378254800 0.49997851156510414 11
1745378254801 0.4999768850522116 12
1745378254802 0.4999752668788657 13
1745378254802 0.4999737016667798 14
1745378254803 0.49997192559756337 15
1745378254804 0.49997029673341664 16
1745378254804 0.4999690246439353 17
1745378254805 0.4999678548317775 18
1745378254806 0.4999664245982468 19
1745378254807 0.4999651696677506 20
1745378254808 0.4999640041108057 21
1745378254808 0.49996289723735304 22
1745378254809 0.49996024507116527 23
1745378254810 0.49995808282185344 24
1745378254811 0.49995645505853 25
1745378254811 0.4999549770771712 26
1745378254812 0.499953489584662 27
1745378254813 0.4999519135114178 28
1745378254813 0.4999493686151132 29
1745378254814 0.4999474829530716 30
1745378254815 0.49994542729720476 31
1745378254815 0.4999432719914988 32
1745378254816 0.4999407907856256 33
1745378254817 0.4999390275655687 34
1745378254818 0.49993760994333775 35
1745378254819 0.49993573530368507 36
1745378254819 0.4999333046522364 37
1745378254820 0.4999314107235149 38
1745378254821 0.4999291451089084 39
1745378254822 0.4999279996443167 40
1745378254823 0.4999261534354091 41
1745378254824 0.4999246166617423 42
1745378254824 0.49992353634320197 43
1745378254825 0.4999226083356142 44
1745378254826 0.4999208764467761 45
1745378254827 0.499918315584138 46
1745378254827 0.49991722602877764 47
1745378254828 0.4999146035157889 48
1745378254829 0.49991269007503986 49
1745378254831 0.4999117813614383 50
1745378254832 0.49990956952385607 51
1745378254833 0.4999084057121724 52
1745378254833 0.499906991866976 53
1745378254834 0.4999060501925275 54
1745378254835 0.49990421491544695 55
1745378254835 0.49990187213622034 56
1745378254836 0.4998997377668321 57
1745378254837 0.4998981354087591 58
1745378254837 0.4998963602698222 59
1745378254838 0.49989421245776117 60
1745378254839 0.49989263771526515 61
1745378254839 0.4998907295623794 62
1745378254840 0.4998892242160067 63
1745378254841 0.49988730409871784 64
1745378254842 0.4998859817302972 65
1745378254842 0.49988353303026406 66
1745378254843 0.49988225207921116 67
1745378254844 0.499881035075821 68
1745378254844 0.4998784037332609 69
1745378254845 0.49987674048852176 70
1745378254846 0.49987435324888674 71
1745378254846 0.499873097640425 72
1745378254847 0.4998715287090093 73
1745378254849 0.49986956915169956 74
1745378254850 0.49986729533653707 75
1745378254851 0.49986584792930633 76
1745378254852 0.4998643114359304 77
1745378254852 0.49986245737358925 78
1745378254853 0.49985982882902025 79
1745378254854 0.4998576332506165 80
1745378254854 0.4998558455114439 81
1745378254855 0.49985487951897084 82
1745378254856 0.4998526793844998 83
1745378254857 0.49985078235760333 84
1745378254857 0.4998496290167794 85
1745378254858 0.4998478084822744 86
1745378254859 0.4998451712970063 87
1745378254860 0.49984439842227846 88
1745378254860 0.49984231240633875 89
1745378254861 0.4998405685101822 90
1745378254862 0.4998382718263939 91
1745378254862 0.499835951398015 92
1745378254863 0.4998341714337468 93
1745378254864 0.4998325196315348 94
1745378254865 0.4998298984814808 95
1745378254865 0.49982800548430534 96
1745378254866 0.49982660766344517 97
1745378254867 0.4998237321522087 98
1745378254868 0.4998217736287042 99
