1745378254643 0.499998150135433 0
1745378254643 0.4999966309004204 1
1745378254644 0.4999943887798976 2
1745378254645 0.49999251782000875 3
1745378254645 0.4999912886621957 4
1745378254646 0.4999888391951573 5
1745378254647 0.4999869398354684 6
1745378254648 0.4999853932058887 7
1745378254649 0.49998392763397653 8
1745378254650 0.4999823016621085 9
1745378254650 0.4999805709227121 10
1745378254651 0.4999787978646162 11
1745378254652 0.4999772070177361 12
1745378254653 0.49997562179818633 13
1745378254653 0.49997409798505826 14
1745378254654 0.4999723657301198 15
1745378254655 0.4999707962504119 16
1745378254656 0.4999695662970182 17
1745378254656 0.4999684529861594 18
1745378254657 0.4999670571381234 19
1745378254658 0.49996587093795947 20
1745378254658 0.4999647620597309 21
1745378254659 0.499963717449681 22
1745378254660 0.49996111392267606 23
1745378254661 0.4999590058348083 24
1745378254662 0.4999574516569256 25
1745378254662 0.49995603498775554 26
1745378254663 0.49995461522488893 27
1745378254664 0.49995310682728356 28
1745378254665 0.4999506275231041 29
1745378254665 0.4999488067531704 30
1745378254666 0.4999467985715435 31
1745378254667 0.49994468930137365 32
1745378254668 0.4999422926278865 33
1745378254669 0.499940608226528 34
1745378254670 0.49993925321652394 35
1745378254671 0.4999374566293069 36
1745378254671 0.4999351344009135 37
1745378254672 0.49993329195582165 38
1745378254673 0.49993110022332066 39
1745378254674 0.4999300136603772 40
1745378254674 0.49992822733396386 41
1745378254675 0.49992675816733 42
1745378254676 0.49992573845614996 43
1745378254677 0.499924877046368 44
1745378254677 0.49992321831780834 45
1745378254678 0.49992071840468716 46
1745378254679 0.49991970494997656 47
1745378254679 0.4999171658417237 48
1745378254680 0.49991529819122565 49
1745378254681 0.4999144611036549 50
1745378254682 0.4999123796672723 51
1745378254683 0.49991129988801747 52
1745378254684 0.4999099644275146 53
1745378254685 0.49990909110145476 54
1745378254686 0.4999073323282224 55
1745378254687 0.4999050915779117 56
1745378254688 0.49990305943466723 57
1745378254689 0.49990157372692395 58
1745378254689 0.49989990396353245 59
1745378254690 0.49989783958862105 60
1745378254691 0.4998963651654317 61
1745378254692 0.49989451006968166 62
1745378254692 0.499893105861454 63
1745378254693 0.49989130467382303 64
1745378254694 0.4998900863729596 65
1745378254694 0.49988780331605576 66
1745378254695 0.4998866259724058 67
1745378254696 0.49988551145728055 68
1745378254697 0.49988298277966786 69
1745378254697 0.49988141582996765 70
1745378254698 0.4998791144958447 71
1745378254699 0.49987798170886394 72
1745378254700 0.49987651251682147 73
1745378254700 0.49987469468665024 74
1745378254701 0.49987253523587327 75
1745378254702 0.49987118717115914 76
1745378254702 0.4998697257013672 77
1745378254703 0.49986795644793175 78
1745378254704 0.4998654560646785 79
1745378254705 0.4998633237368355 80
1745378254705 0.4998616352794617 81
1745378254706 0.49986074900194405 82
1745378254707 0.49985869236936614 83
1745378254707 0.49985693494994443 84
1745378254708 0.4998558888637822 85
1745378254709 0.4998541830082446 86
1745378254710 0.4998516878880716 87
1745378254710 0.49985100377580705 88
1745378254711 0.49984906113100386 89
1745378254712 0.49984741162641133 90
1745378254713 0.49984521940793203 91
1745378254714 0.4998430607822042 92
1745378254714 0.49984135324749657 93
1745378254715 0.49983979789073696 94
1745378254716 0.4998373189154429 95
1745378254716 0.49983556639326476 96
1745378254717 0.4998342812690258 97
1745378254718 0.49983153159713006 98
1745378254718 0.49982965962351755 99
