1745378254944 0.5045954236776675 0
1745378254945 0.5074044462574551 1
1745378254945 0.5093675747137826 2
1745378254946 0.5107681081289029 3
1745378254947 0.5114260350266957 4
1745378254948 0.5122224140841812 5
1745378254948 0.5136807754191901 6
1745378254949 0.5140702536926332 7
1745378254950 0.5145932960400171 8
1745378254950 0.5154540044368796 9
1745378254951 0.515991690585198 10
1745378254952 0.5165034677590241 11
1745378254952 0.5173330256381631 12
1745378254953 0.517925435511198 13
1745378254954 0.5183864334427775 14
1745378254955 0.5184876799074355 15
1745378254955 0.5187365692981287 16
1745378254956 0.5189389229300853 17
1745378254957 0.5187536430825153 18
1745378254957 0.5191634836267829 19
1745378254958 0.5189886662687287 20
1745378254959 0.518949770927192 21
1745378254959 0.5188323431312517 22
1745378254960 0.5198102319106939 23
1745378254961 0.5203134526016336 24
1745378254961 0.5204759156104666 25
1745378254962 0.5204456466926844 26
1745378254963 0.5207911097630328 27
1745378254963 0.5209218150489051 28
1745378254964 0.5215599877123632 29
1745378254965 0.5218680493307459 30
1745378254966 0.5224304092867603 31
1745378254966 0.5226922656100556 32
1745378254967 0.5229921937970232 33
1745378254968 0.5231083025758757 34
1745378254968 0.5233387813494078 35
1745378254969 0.5235972977142108 36
1745378254970 0.5239143227856454 37
1745378254970 0.5240367560677459 38
1745378254971 0.5244875990796293 39
1745378254972 0.5245003133238523 40
1745378254972 0.5249540917053206 41
1745378254973 0.5251095272803356 42
1745378254974 0.5252207748922797 43
1745378254974 0.525200108673523 44
1745378254975 0.5252748646554161 45
1745378254976 0.5259098518609195 46
1745378254976 0.5259658344275144 47
1745378254977 0.5262286296790755 48
1745378254978 0.5266957664163822 49
1745378254979 0.5266512473240347 50
1745378254979 0.5266915291953941 51
1745378254980 0.5267399434544148 52
1745378254981 0.5269576272834432 53
1745378254981 0.5269723374189833 54
1745378254982 0.5269996010138123 55
1745378254983 0.5271351763353737 56
1745378254983 0.5272580942441598 57
1745378254984 0.5272139760032066 58
1745378254985 0.5273719687808661 59
1745378254986 0.5275428183313693 60
1745378254987 0.5276932240638893 61
1745378254987 0.5280522431313883 62
1745378254988 0.5281055208104501 63
1745378254989 0.528147728222882 64
1745378254990 0.528046853787643 65
1745378254990 0.5280094018886269 66
1745378254991 0.5280233102838784 67
1745378254992 0.5280534103323231 68
1745378254993 0.5283918219281448 69
1745378254993 0.5285553778689042 70
1745378254994 0.5290347859926435 71
1745378254995 0.5290774656223428 72
1745378254996 0.5292257335693021 73
1745378254996 0.5293560493006946 74
1745378254997 0.5294775817359118 75
1745378254998 0.5295723840625306 76
1745378254999 0.5298433032329734 77
1745378254999 0.5300203937770591 78
1745378255000 0.5302166317314939 79
1745378255001 0.5304787321962633 80
1745378255001 0.5305485673266656 81
1745378255002 0.530615563119067 82
1745378255003 0.5307528247683689 83
1745378255003 0.5306839004473847 84
1745378255004 0.5306585306778928 85
1745378255005 0.5306843734584049 86
1745378255006 0.5307578833109636 87
1745378255006 0.5307644776682754 88
1745378255007 0.5308863767141426 89
1745378255008 0.5309886452292305 90
1745378255008 0.5312369300521961 91
1745378255009 0.5313807639681077 92
1745378255010 0.5315355129094844 93
1745378255010 0.531601168125348 94
1745378255011 0.5319050942887216 95
1745378255012 0.5319414219650774 96
1745378255012 0.5319687769820993 97
1745378255013 0.5322553746383255 98
1745378255014 0.5323230066204397 99
