1745378364799 0.6931452052161843 0
1745378364800 0.6931427101752907 1
1745378364801 0.6931400042934716 2
1745378364801 0.6931386163540184 3
1745378364802 0.6931373085770011 4
1745378364803 0.6931343294014036 5
1745378364804 0.6931324334489554 6
1745378364804 0.693129951402992 7
1745378364805 0.6931280361299962 8
1745378364806 0.6931261400365829 9
1745378364806 0.6931244627512991 10
1745378364807 0.6931229278255999 11
1745378364808 0.6931213772716374 12
1745378364809 0.6931194014161081 13
1745378364809 0.6931177862088382 14
1745378364810 0.6931155337797851 15
1745378364811 0.693114341863431 16
1745378364811 0.6931119442287832 17
1745378364812 0.693110011427626 18
1745378364813 0.6931081576281041 19
1745378364813 0.6931064783616736 20
1745378364814 0.6931044822669402 21
1745378364815 0.693102827382721 22
1745378364816 0.6931007733883708 23
1745378364816 0.6930989705473557 24
1745378364817 0.6930969140367955 25
1745378364818 0.6930957329775393 26
1745378364819 0.6930946933886036 27
1745378364819 0.6930930703018233 28
1745378364820 0.6930912408345192 29
1745378364821 0.6930887925392016 30
1745378364821 0.6930862987638637 31
1745378364822 0.6930834356993064 32
1745378364823 0.6930816725601628 33
1745378364823 0.6930797140626609 34
1745378364824 0.6930788774894551 35
1745378364825 0.69307613236852 36
1745378364825 0.6930741985958442 37
1745378364826 0.6930730060515925 38
1745378364827 0.6930714760879799 39
1745378364828 0.6930702213375642 40
1745378364828 0.6930679658143223 41
1745378364829 0.6930658821806684 42
1745378364830 0.6930645302665606 43
1745378364830 0.6930635071291029 44
1745378364831 0.6930618243816867 45
1745378364832 0.6930602958022059 46
1745378364832 0.6930581881443784 47
1745378364833 0.6930566164148226 48
1745378364834 0.6930550061342865 49
1745378364834 0.6930540928530693 50
1745378364835 0.6930526806429401 51
1745378364836 0.6930516127441079 52
1745378364836 0.6930495237402617 53
1745378364837 0.6930480886973068 54
1745378364838 0.6930464008967205 55
1745378364838 0.6930442246804387 56
1745378364839 0.6930424003875255 57
1745378364840 0.6930412966190278 58
1745378364841 0.6930391565315798 59
1745378364841 0.6930366368456558 60
1745378364842 0.6930351006975397 61
1745378364843 0.6930326526841148 62
1745378364843 0.6930308518696204 63
1745378364844 0.6930291754841432 64
1745378364845 0.6930279579061642 65
1745378364845 0.6930262506419048 66
1745378364846 0.6930250564939902 67
1745378364847 0.6930243462193012 68
1745378364847 0.6930228823428228 69
1745378364848 0.6930205952472985 70
1745378364849 0.6930188967647031 71
1745378364849 0.6930180968794226 72
1745378364850 0.6930168718977272 73
1745378364851 0.6930164334068075 74
1745378364852 0.6930136544330046 75
1745378364852 0.6930129742625728 76
1745378364853 0.6930120496214554 77
1745378364854 0.6930105853934586 78
1745378364854 0.6930090419988334 79
1745378364855 0.6930066999110207 80
1745378364856 0.6930049392288551 81
1745378364856 0.6930034776986018 82
1745378364857 0.6930021266063675 83
1745378364858 0.6930008473803475 84
1745378364858 0.6930001026689634 85
1745378364859 0.6929988179476559 86
1745378364860 0.6929970250168442 87
1745378364860 0.6929958594639972 88
1745378364861 0.6929946840931103 89
1745378364862 0.6929934040765837 90
1745378364863 0.6929919263855367 91
1745378364863 0.6929894205979258 92
1745378364864 0.6929874732807652 93
1745378364865 0.6929867291255668 94
1745378364865 0.6929852601701394 95
1745378364866 0.6929830317889154 96
1745378364867 0.6929819155349582 97
1745378364867 0.6929806922005117 98
1745378364868 0.6929791773927584 99
