1745378365076 0.49999901826145604 0
1745378365076 0.4999977703198436 1
1745378365077 0.499996413004887 2
1745378365078 0.4999957182401741 3
1745378365078 0.4999950651160917 4
1745378365079 0.4999935747934807 5
1745378365080 0.499992638592267 6
1745378365081 0.4999913968222657 7
1745378365081 0.4999904405186861 8
1745378365082 0.4999894930748118 9
1745378365083 0.49998865642038576 10
1745378365083 0.49998789239110025 11
1745378365084 0.4999871159627107 12
1745378365085 0.4999861277234825 13
1745378365085 0.4999853252269987 14
1745378365086 0.4999841990161666 15
1745378365087 0.4999836131508177 16
1745378365088 0.4999824150622885 17
1745378365088 0.4999814491110922 18
1745378365089 0.499980521975187 19
1745378365090 0.49997969474327986 20
1745378365090 0.49997869979015036 21
1745378365091 0.49997787232058055 22
1745378365092 0.4999768464259244 23
1745378365092 0.4999759434355851 24
1745378365093 0.49997491664572513 25
1745378365094 0.499974334554011 26
1745378365094 0.4999738223089886 27
1745378365095 0.4999730216416964 28
1745378365096 0.499972106342957 29
1745378365097 0.49997088332423223 30
1745378365097 0.4999696362018797 31
1745378365098 0.4999682046753993 32
1745378365099 0.4999673223564755 33
1745378365099 0.4999663429373014 34
1745378365100 0.49996593701627245 35
1745378365101 0.499964564500339 36
1745378365101 0.4999635970562835 37
1745378365102 0.4999630014385392 38
1745378365103 0.49996223387442834 39
1745378365103 0.49996161216879875 40
1745378365104 0.4999604836695071 41
1745378365105 0.49995944236691936 42
1745378365105 0.49995876693388536 43
1745378365106 0.49995826775353613 44
1745378365107 0.49995742783406916 45
1745378365107 0.49995666361413654 46
1745378365108 0.49995561026499324 47
1745378365109 0.4999548257885827 48
1745378365110 0.4999540206039671 49
1745378365110 0.49995357061396145 50
1745378365111 0.49995286498216646 51
1745378365112 0.49995234016905443 52
1745378365112 0.4999512945204453 53
1745378365113 0.49995057822055405 54
1745378365114 0.49994973435859813 55
1745378365115 0.4999486479041374 56
1745378365115 0.4999477345389618 57
1745378365116 0.49994718394499166 58
1745378365117 0.4999461144651553 59
1745378365117 0.49994485436925434 60
1745378365118 0.4999440996288287 61
1745378365119 0.49994287491724365 62
1745378365119 0.4999419747149129 63
1745378365120 0.4999411364816941 64
1745378365121 0.4999405279908434 65
1745378365122 0.4999396743808779 66
1745378365122 0.4999390799468035 67
1745378365123 0.49993873968331454 68
1745378365124 0.49993800775335046 69
1745378365125 0.4999368646196585 70
1745378365125 0.4999360150769776 71
1745378365126 0.49993563150583975 72
1745378365127 0.4999350191977249 73
1745378365127 0.4999348005536274 74
1745378365128 0.4999334104390318 75
1745378365129 0.4999330711937053 76
1745378365129 0.49993260911113324 77
1745378365130 0.49993187717455023 78
1745378365131 0.4999311056699706 79
1745378365131 0.4999299349634759 80
1745378365132 0.49992905426693934 81
1745378365133 0.49992832393654285 82
1745378365133 0.49992765062440303 83
1745378365134 0.4999270146009778 84
1745378365135 0.4999266424035872 85
1745378365135 0.4999260002857029 86
1745378365136 0.499925103490212 87
1745378365137 0.4999245207355867 88
1745378365138 0.499923932922608 89
1745378365138 0.4999232929582568 90
1745378365139 0.49992255305625993 91
1745378365140 0.49992130097490806 92
1745378365140 0.4999203274582644 93
1745378365141 0.49991995872570166 94
1745378365142 0.49991922475904377 95
1745378365142 0.49991811101163286 96
1745378365143 0.4999175520077589 97
1745378365144 0.4999169418955989 98
1745378365144 0.4999161841701376 99
