1745378365214 0.4999989964267984 0
1745378365214 0.4999976941457391 1
1745378365215 0.49999627466335894 2
1745378365216 0.4999955200816691 3
1745378365216 0.4999948059074208 4
1745378365217 0.4999931460249424 5
1745378365218 0.49999205232061444 6
1745378365219 0.49999074352853 7
1745378365219 0.49998963619805875 8
1745378365220 0.49998864756777883 9
1745378365221 0.49998767444562164 10
1745378365221 0.4999868656204268 11
1745378365222 0.49998601956911387 12
1745378365223 0.49998493845190856 13
1745378365223 0.4999839707444236 14
1745378365224 0.4999826727573201 15
1745378365225 0.49998196421682833 16
1745378365225 0.4999806689022854 17
1745378365226 0.4999795569255948 18
1745378365227 0.4999785760569572 19
1745378365227 0.499977492499128 20
1745378365228 0.4999763540424034 21
1745378365229 0.49997539457868784 22
1745378365230 0.49997431193977593 23
1745378365230 0.4999732889504358 24
1745378365231 0.49997221174594014 25
1745378365232 0.4999714443426952 26
1745378365232 0.49997072015877814 27
1745378365233 0.4999697508989647 28
1745378365234 0.4999687360130623 29
1745378365234 0.4999673634801805 30
1745378365235 0.4999660025242716 31
1745378365236 0.49996449110165236 32
1745378365237 0.49996342881571504 33
1745378365237 0.49996227729644627 34
1745378365238 0.4999617076755315 35
1745378365239 0.49996020597364754 36
1745378365239 0.49995908294908703 37
1745378365240 0.4999584944551438 38
1745378365241 0.49995755697317423 39
1745378365241 0.4999567876211181 40
1745378365242 0.4999555667030811 41
1745378365243 0.4999544398574904 42
1745378365243 0.4999537348352745 43
1745378365244 0.4999530907989666 44
1745378365245 0.49995210673056545 45
1745378365246 0.4999511958387494 46
1745378365246 0.49995000943418594 47
1745378365247 0.4999490958132967 48
1745378365248 0.49994822236530484 49
1745378365248 0.49994759806886313 50
1745378365249 0.4999466164151579 51
1745378365250 0.4999459130769223 52
1745378365250 0.499944728910774 53
1745378365251 0.4999439522814378 54
1745378365252 0.4999430616654828 55
1745378365252 0.4999417347198352 56
1745378365253 0.4999407290365547 57
1745378365254 0.49993999695435165 58
1745378365254 0.4999387941073254 59
1745378365255 0.49993737252496184 60
1745378365256 0.49993645476974546 61
1745378365256 0.49993515428081153 62
1745378365257 0.4999342054440454 63
1745378365258 0.49993312999136746 64
1745378365259 0.49993237267192453 65
1745378365259 0.49993130623310805 66
1745378365260 0.4999305859038234 67
1745378365261 0.49993007711298765 68
1745378365261 0.49992922116324306 69
1745378365262 0.4999278986994922 70
1745378365263 0.4999269223130494 71
1745378365263 0.4999263675357774 72
1745378365264 0.4999256894531846 73
1745378365265 0.4999254043838382 74
1745378365266 0.49992394368685783 75
1745378365266 0.4999235324398801 76
1745378365267 0.4999229016089812 77
1745378365268 0.4999221052123979 78
1745378365268 0.49992110584076493 79
1745378365269 0.4999197487966716 80
1745378365270 0.4999187715011463 81
1745378365270 0.49991797831609847 82
1745378365271 0.49991706086732446 83
1745378365272 0.4999161276805028 84
1745378365272 0.4999157444676384 85
1745378365273 0.49991498490627856 86
1745378365274 0.4999139113247022 87
1745378365274 0.49991325833085926 88
1745378365275 0.4999125973652303 89
1745378365276 0.49991181849841027 90
1745378365276 0.4999110247853771 91
1745378365277 0.499909614039734 92
1745378365278 0.4999085751184076 93
1745378365279 0.4999081299430877 94
1745378365279 0.49990730118270965 95
1745378365280 0.4999059131032601 96
1745378365281 0.4999052895452455 97
1745378365281 0.4999045420066267 98
1745378365282 0.4999037408794463 99
