1745378365353 0.5012943132112876 0
1745378365353 0.5021173619771614 1
1745378365354 0.5033997691532871 2
1745378365355 0.5036087437613977 3
1745378365355 0.5036223439274522 4
1745378365356 0.5036103651545374 5
1745378365357 0.5039267264549131 6
1745378365357 0.5042469978126389 7
1745378365358 0.5043387822412608 8
1745378365359 0.5047947279177675 9
1745378365360 0.5048872414676755 10
1745378365360 0.5052772223241166 11
1745378365361 0.5055221531697912 12
1745378365362 0.5058199817338309 13
1745378365362 0.5057756339952045 14
1745378365363 0.5058109727556207 15
1745378365364 0.5058568689746331 16
1745378365364 0.5060164052545362 17
1745378365365 0.506380631237021 18
1745378365366 0.5064182635647898 19
1745378365366 0.5063724915087093 20
1745378365367 0.506409624734742 21
1745378365368 0.5064778401063854 22
1745378365368 0.5069906835057951 23
1745378365369 0.5071561747001607 24
1745378365370 0.50747535738535 25
1745378365370 0.5075357267797033 26
1745378365371 0.5075248848044924 27
1745378365372 0.5076418168580834 28
1745378365373 0.5077276949380367 29
1745378365373 0.5079530003560747 30
1745378365374 0.5082346552232336 31
1745378365375 0.5086213676901816 32
1745378365375 0.5086471418454549 33
1745378365376 0.5086861756780984 34
1745378365377 0.5087185949158598 35
1745378365377 0.5090869740721654 36
1745378365378 0.5090833227438403 37
1745378365379 0.5091804603848318 38
1745378365379 0.5092650440196578 39
1745378365380 0.5092549522126811 40
1745378365381 0.5093166816773901 41
1745378365381 0.5096159915090821 42
1745378365382 0.5098358624332177 43
1745378365383 0.5098610185988414 44
1745378365383 0.5099357422431221 45
1745378365384 0.5099791457847144 46
1745378365385 0.510023799511905 47
1745378365386 0.5100625989874834 48
1745378365386 0.5101079448795816 49
1745378365387 0.5101043521545853 50
1745378365388 0.510023927162349 51
1745378365388 0.5100580778592578 52
1745378365389 0.5102309414667664 53
1745378365390 0.510366922492864 54
1745378365390 0.5104381373280652 55
1745378365391 0.5104091573835164 56
1745378365392 0.5104944930522081 57
1745378365392 0.5104804466377265 58
1745378365393 0.5105680113860463 59
1745378365394 0.5106476354317467 60
1745378365395 0.5107582539665029 61
1745378365395 0.5108899028619074 62
1745378365396 0.5109753558372571 63
1745378365397 0.511052522196284 64
1745378365397 0.5110394711633895 65
1745378365398 0.5110207310169571 66
1745378365399 0.5110604747333197 67
1745378365399 0.5110700300790554 68
1745378365400 0.5111224015674652 69
1745378365401 0.5111683038427486 70
1745378365401 0.5113375960065849 71
1745378365402 0.5113561975244101 72
1745378365403 0.5114055774492896 73
1745378365404 0.5114105096070698 74
1745378365404 0.5117435087684408 75
1745378365405 0.5117129431933768 76
1745378365406 0.511692703316728 77
1745378365406 0.5117603548239101 78
1745378365407 0.5117669374686811 79
1745378365408 0.5118387107651997 80
1745378365408 0.5119439921563921 81
1745378365409 0.5120247835030276 82
1745378365410 0.5119543122047876 83
1745378365410 0.5119114938683558 84
1745378365411 0.5120223396976525 85
1745378365412 0.5120293348969833 86
1745378365412 0.5120904683502443 87
1745378365413 0.5121848319472121 88
1745378365414 0.5122394872873157 89
1745378365415 0.5121945041371041 90
1745378365415 0.5123330426939724 91
1745378365416 0.5124496863496854 92
1745378365417 0.512535566585896 93
1745378365417 0.5125695867792259 94
1745378365418 0.5126703312890131 95
1745378365419 0.5127315164362037 96
1745378365419 0.5128133640021381 97
1745378365420 0.5128541563471479 98
1745378365421 0.5129522531539757 99
