1745378364938 0.498525 0
1745378364938 0.49833 1
1745378364939 0.4975725 2
1745378364940 0.49769375 3
1745378364940 0.49768125 4
1745378364941 0.4978475 5
1745378364942 0.49760625 6
1745378364943 0.4973825 7
1745378364943 0.497385 8
1745378364944 0.4971725 9
1745378364945 0.4970775 10
1745378364945 0.49701625 11
1745378364946 0.49677125 12
1745378364947 0.49647375 13
1745378364947 0.49672125 14
1745378364948 0.496725 15
1745378364949 0.49670375 16
1745378364949 0.49646625 17
1745378364950 0.4961725 18
1745378364951 0.4961425 19
1745378364951 0.4961875 20
1745378364952 0.49614125 21
1745378364953 0.49601375 22
1745378364954 0.496005 23
1745378364954 0.4956925 24
1745378364955 0.4955 25
1745378364956 0.49543 26
1745378364956 0.4954425 27
1745378364957 0.49549 28
1745378364958 0.49562 29
1745378364958 0.49575125 30
1745378364959 0.49496625 31
1745378364960 0.49485875 32
1745378364960 0.49466375 33
1745378364961 0.4949175 34
1745378364962 0.49492875 35
1745378364962 0.494835 36
1745378364963 0.4946225 37
1745378364964 0.4946675 38
1745378364965 0.4947525 39
1745378364965 0.49477375 40
1745378364966 0.49477375 41
1745378364967 0.49439875 42
1745378364967 0.49424875 43
1745378364968 0.49425875 44
1745378364969 0.49420875 45
1745378364969 0.4942075 46
1745378364970 0.49415625 47
1745378364971 0.49415625 48
1745378364971 0.494215 49
1745378364972 0.49421375 50
1745378364973 0.49413375 51
1745378364973 0.494245 52
1745378364974 0.49416 53
1745378364975 0.49403 54
1745378364976 0.49394625 55
1745378364976 0.49419 56
1745378364977 0.49415375 57
1745378364978 0.49414125 58
1745378364979 0.49395375 59
1745378364979 0.49416875 60
1745378364980 0.494065 61
1745378364981 0.49377625 62
1745378364981 0.49376625 63
1745378364982 0.49370875 64
1745378364983 0.49374375 65
1745378364983 0.4938625 66
1745378364984 0.4936975 67
1745378364985 0.49378125 68
1745378364985 0.49375625 69
1745378364986 0.49377125 70
1745378364987 0.4937625 71
1745378364987 0.493805 72
1745378364988 0.49372375 73
1745378364989 0.49367625 74
1745378364989 0.4933 75
1745378364990 0.4932925 76
1745378364991 0.49325625 77
1745378364991 0.49328625 78
1745378364992 0.4932925 79
1745378364993 0.49318625 80
1745378364994 0.49305125 81
1745378364994 0.49309125 82
1745378364995 0.49303375 83
1745378364996 0.4931 84
1745378364996 0.4929575 85
1745378364997 0.49304125 86
1745378364998 0.49294125 87
1745378364998 0.49282875 88
1745378364999 0.49272375 89
1745378365000 0.492865 90
1745378365000 0.49282375 91
1745378365001 0.492695 92
1745378365002 0.49261 93
1745378365002 0.49245375 94
1745378365003 0.49235125 95
1745378365004 0.49228375 96
1745378365004 0.49227375 97
1745378365005 0.4924225 98
1745378365006 0.492375 99
