1745378611981 0.6931291128483414 0
1745378611982 0.6931144487605244 1
1745378611983 0.6930926731769741 2
1745378611983 0.6930759383280575 3
1745378611984 0.6930642680170387 4
1745378611985 0.6930408114425838 5
1745378611986 0.6930244862753153 6
1745378611986 0.6930100557450205 7
1745378611987 0.6929969428783656 8
1745378611988 0.6929809197474271 9
1745378611988 0.6929691446333378 10
1745378611989 0.6929554526943341 11
1745378611990 0.6929341073033586 12
1745378611990 0.6929123316935449 13
1745378611991 0.692893356468752 14
1745378611992 0.6928795850207284 15
1745378611993 0.692866837692894 16
1745378611993 0.6928569748911262 17
1745378611994 0.6928340101087466 18
1745378611995 0.6928202478550747 19
1745378611995 0.6928092095608637 20
1745378611996 0.6927986164911092 21
1745378611997 0.692777994669415 22
1745378611997 0.6927587726731226 23
1745378611998 0.6927382144561037 24
1745378611999 0.6927192533257231 25
1745378611999 0.692712447043024 26
1745378612000 0.6927013962835445 27
1745378612001 0.6926852551700547 28
1745378612002 0.692668509696424 29
1745378612002 0.6926444536923244 30
1745378612003 0.6926236220617592 31
1745378612004 0.6926051851987094 32
1745378612004 0.6925870408034697 33
1745378612005 0.6925710470673442 34
1745378612006 0.6925661917332933 35
1745378612006 0.6925528512879089 36
1745378612007 0.692531517306976 37
1745378612008 0.6925202420455963 38
1745378612008 0.6925003378140181 39
1745378612009 0.6924954247497768 40
1745378612010 0.6924840831377357 41
1745378612010 0.692464919495359 42
1745378612011 0.6924457793875411 43
1745378612012 0.692439869726859 44
1745378612012 0.6924200208215602 45
1745378612013 0.6924115321900509 46
1745378612014 0.6923960987550206 47
1745378612015 0.6923723049876094 48
1745378612015 0.6923570692143962 49
1745378612016 0.6923525752210244 50
1745378612017 0.6923349725331552 51
1745378612018 0.6923240313805081 52
1745378612018 0.6923064038738609 53
1745378612019 0.6922858824191429 54
1745378612020 0.6922753299130313 55
1745378612020 0.6922650316545181 56
1745378612021 0.6922461481583491 57
1745378612022 0.6922341980806924 58
1745378612023 0.6922132276367955 59
1745378612023 0.6921915981904789 60
1745378612024 0.6921839795549027 61
1745378612025 0.6921733019480668 62
1745378612026 0.6921617702051438 63
1745378612026 0.6921452303714678 64
1745378612027 0.6921328072125651 65
1745378612028 0.6921113009645976 66
1745378612028 0.6921014912054502 67
1745378612029 0.6920822562713734 68
1745378612030 0.6920625832815841 69
1745378612031 0.6920506440605968 70
1745378612031 0.692027819045987 71
1745378612032 0.6920130954499916 72
1745378612033 0.692000675092116 73
1745378612033 0.6919882525433972 74
1745378612034 0.6919707192920708 75
1745378612035 0.6919600460918993 76
1745378612035 0.6919376050421782 77
1745378612036 0.6919227238254435 78
1745378612037 0.6919038654004037 79
1745378612038 0.6918931990966201 80
1745378612038 0.6918686195507087 81
1745378612039 0.6918603019295446 82
1745378612040 0.691847706867177 83
1745378612040 0.6918352623655647 84
1745378612041 0.6918261536701024 85
1745378612042 0.6918114211525396 86
1745378612042 0.6917935721894726 87
1745378612043 0.6917796344999224 88
1745378612044 0.6917615867904388 89
1745378612045 0.6917503534473293 90
1745378612045 0.6917307968653739 91
1745378612046 0.6917145048378222 92
1745378612047 0.6917056822785922 93
1745378612047 0.6916950188753568 94
1745378612048 0.6916785168720223 95
1745378612049 0.6916664090082981 96
1745378612049 0.6916575738115981 97
1745378612050 0.6916317643933744 98
1745378612051 0.6916155757197552 99
