1745378612124 0.49739875 0
1745378612124 0.49558375 1
1745378612125 0.49415 2
1745378612126 0.493505 3
1745378612126 0.49328875 4
1745378612127 0.4925325 5
1745378612128 0.4915725 6
1745378612129 0.49148625 7
1745378612129 0.49121 8
1745378612130 0.49043 9
1745378612131 0.48998625 10
1745378612131 0.4896975 11
1745378612132 0.48909875 12
1745378612133 0.4882925 13
1745378612133 0.48798875 14
1745378612134 0.48811625 15
1745378612135 0.48764125 16
1745378612135 0.48776375 17
1745378612136 0.4871725 18
1745378612137 0.48677875 19
1745378612138 0.486875 20
1745378612138 0.48676625 21
1745378612139 0.4864525 22
1745378612140 0.485585 23
1745378612140 0.4847975 24
1745378612141 0.48426 25
1745378612142 0.48436625 26
1745378612142 0.4840325 27
1745378612143 0.48344125 28
1745378612144 0.48342625 29
1745378612145 0.48291625 30
1745378612145 0.482485 31
1745378612146 0.48251 32
1745378612147 0.482275 33
1745378612147 0.48216375 34
1745378612148 0.4821725 35
1745378612149 0.48202375 36
1745378612149 0.48176625 37
1745378612150 0.481775 38
1745378612151 0.481245 39
1745378612152 0.481185 40
1745378612152 0.48111375 41
1745378612153 0.48080625 42
1745378612154 0.48009125 43
1745378612154 0.4800725 44
1745378612155 0.479515 45
1745378612156 0.4796775 46
1745378612156 0.479455 47
1745378612157 0.4790325 48
1745378612158 0.4789625 49
1745378612159 0.47891375 50
1745378612159 0.47894125 51
1745378612160 0.4789775 52
1745378612161 0.47861375 53
1745378612161 0.4784275 54
1745378612162 0.47809125 55
1745378612163 0.47805375 56
1745378612164 0.4776625 57
1745378612164 0.47762 58
1745378612165 0.47739875 59
1745378612166 0.477235 60
1745378612166 0.477115 61
1745378612167 0.47706 62
1745378612168 0.47693375 63
1745378612168 0.476795 64
1745378612169 0.47678375 65
1745378612170 0.476585 66
1745378612171 0.47647 67
1745378612171 0.476195 68
1745378612172 0.47597 69
1745378612173 0.4758375 70
1745378612173 0.47538625 71
1745378612174 0.4752375 72
1745378612175 0.47514625 73
1745378612175 0.4750975 74
1745378612176 0.47487125 75
1745378612177 0.47484125 76
1745378612178 0.474305 77
1745378612178 0.47406125 78
1745378612179 0.474015 79
1745378612180 0.4741775 80
1745378612180 0.4734625 81
1745378612181 0.47359875 82
1745378612182 0.473535 83
1745378612182 0.47344625 84
1745378612183 0.47342 85
1745378612184 0.4733225 86
1745378612185 0.47285625 87
1745378612185 0.47287875 88
1745378612186 0.4726325 89
1745378612187 0.47255625 90
1745378612187 0.47249125 91
1745378612188 0.47226375 92
1745378612189 0.47207 93
1745378612190 0.47187 94
1745378612190 0.47176 95
1745378612191 0.47159625 96
1745378612192 0.47160375 97
1745378612193 0.47157625 98
1745378612193 0.4714325 99
