1745378612556 0.5045954236776675 0
1745378612557 0.5074251065168162 1
1745378612557 0.5098466348144364 2
1745378612558 0.5107998092766666 3
1745378612559 0.5114791800927961 4
1745378612559 0.5127075112152082 5
1745378612560 0.5140481850908736 6
1745378612561 0.5145073506160796 7
1745378612562 0.5150673974046733 8
1745378612562 0.5159097217063418 9
1745378612563 0.5161549394436392 10
1745378612564 0.5169673273380572 11
1745378612564 0.5182003476174041 12
1745378612565 0.5195094017112137 13
1745378612566 0.5202982090673632 14
1745378612566 0.5203287501298419 15
1745378612567 0.5206167788254206 16
1745378612568 0.5208122017270204 17
1745378612569 0.5218831669489533 18
1745378612569 0.5222971931140296 19
1745378612570 0.5223170316517824 20
1745378612571 0.5224893815918793 21
1745378612571 0.5228170823816963 22
1745378612572 0.5235420041906376 23
1745378612573 0.5243439247986479 24
1745378612573 0.5251577213542153 25
1745378612574 0.5253206971554568 26
1745378612575 0.525778502260306 27
1745378612576 0.5265258717817004 28
1745378612576 0.5268694518579992 29
1745378612577 0.527635363747013 30
1745378612578 0.5283231906331798 31
1745378612578 0.5284988272690835 32
1745378612579 0.5287688285175836 33
1745378612580 0.5291338980123774 34
1745378612581 0.5292172752836323 35
1745378612581 0.5297545824118824 36
1745378612582 0.5301985731593071 37
1745378612583 0.5302787858164298 38
1745378612583 0.5308879994635369 39
1745378612584 0.5308725556566949 40
1745378612585 0.5310230817021333 41
1745378612585 0.531510108442997 42
1745378612586 0.532440580763764 43
1745378612587 0.5324631832611306 44
1745378612588 0.5330806048024116 45
1745378612588 0.533110137183257 46
1745378612589 0.5334397890236102 47
1745378612590 0.5341632140429702 48
1745378612591 0.5344009309479281 49
1745378612591 0.5344050476997471 50
1745378612592 0.5345768098002993 51
1745378612593 0.5348181576022613 52
1745378612593 0.5353788689962916 53
1745378612594 0.5357189885074288 54
1745378612595 0.5360507695020628 55
1745378612596 0.5362054976902422 56
1745378612596 0.5366406084567803 57
1745378612597 0.5369140597829056 58
1745378612598 0.5371643335065389 59
1745378612598 0.5373791472880846 60
1745378612599 0.5374068907158325 61
1745378612600 0.5375276586265154 62
1745378612600 0.5376304288495984 63
1745378612601 0.5379999314629366 64
1745378612602 0.5380764137758343 65
1745378612603 0.5383421026062098 66
1745378612603 0.5385011590000688 67
1745378612604 0.5389409572266609 68
1745378612605 0.5392344390005815 69
1745378612605 0.5393973686047874 70
1745378612606 0.5400210950867484 71
1745378612607 0.5401577605683517 72
1745378612608 0.5402991404382278 73
1745378612608 0.5403019784168489 74
1745378612609 0.5405975298073431 75
1745378612610 0.5406530260566216 76
1745378612611 0.5413682923788538 77
1745378612611 0.541557877372648 78
1745378612612 0.541751995891586 79
1745378612613 0.5418847133907072 80
1745378612613 0.5426524378829007 81
1745378612614 0.5426823140805669 82
1745378612615 0.5428985482326779 83
1745378612615 0.542924408285125 84
1745378612616 0.5430235484237067 85
1745378612617 0.543182384132423 86
1745378612618 0.5435345921324817 87
1745378612618 0.5438078200578299 88
1745378612619 0.5440772749388046 89
1745378612620 0.5441456867892565 90
1745378612621 0.5444948295661536 91
1745378612621 0.5448058723042802 92
1745378612622 0.5448911124288895 93
1745378612623 0.5450284571691054 94
1745378612623 0.545279651261565 95
1745378612624 0.545356869977024 96
1745378612625 0.5454252486679856 97
1745378612626 0.5458164274067182 98
1745378612626 0.5460828779334931 99
