1745378612265 0.4999909682227966 0
1745378612266 0.4999836359721347 1
1745378612266 0.4999727546874377 2
1745378612267 0.49996438597922255 3
1745378612268 0.499958559282839 4
1745378612268 0.49994683758605785 5
1745378612269 0.4999386868050265 6
1745378612270 0.499931483847777 7
1745378612270 0.4999249425485036 8
1745378612271 0.49991694823291405 9
1745378612272 0.49991108112182325 10
1745378612273 0.4999042337213739 11
1745378612273 0.49989356320606837 12
1745378612274 0.49988269267059726 13
1745378612275 0.49987322512125704 14
1745378612275 0.49986636501139536 15
1745378612276 0.4998600213375919 16
1745378612277 0.49985511150775164 17
1745378612277 0.49984363766433937 18
1745378612278 0.4998367650257459 19
1745378612279 0.49983128158763956 20
1745378612280 0.499826007782864 21
1745378612280 0.4998157315016778 22
1745378612281 0.4998061297307741 23
1745378612282 0.4997958633164791 24
1745378612282 0.4997863874045429 25
1745378612283 0.4997830101875855 26
1745378612284 0.4997775106213836 27
1745378612284 0.4997694445156731 28
1745378612285 0.49976109186214146 29
1745378612286 0.49974907957863424 30
1745378612286 0.49973866133915534 31
1745378612287 0.4997294532209367 32
1745378612288 0.4997204190969313 33
1745378612289 0.4997124296454014 34
1745378612289 0.4997100298515822 35
1745378612290 0.4997033607499814 36
1745378612291 0.4996926984425067 37
1745378612291 0.4996870725313429 38
1745378612292 0.49967713079746057 39
1745378612293 0.4996747095490006 40
1745378612294 0.49966904189597866 41
1745378612294 0.49965946372456177 42
1745378612295 0.4996498921237208 43
1745378612296 0.49964696618484317 44
1745378612296 0.49963704526499575 45
1745378612297 0.49963282063708386 46
1745378612298 0.4996251515102932 47
1745378612299 0.4996132656263334 48
1745378612299 0.49960566090303277 49
1745378612300 0.49960345301856374 50
1745378612301 0.49959467249514167 51
1745378612301 0.49958922158618935 52
1745378612302 0.4995804072382114 53
1745378612303 0.49957016645829433 54
1745378612303 0.49956489805177945 55
1745378612304 0.49955975805840097 56
1745378612305 0.4995503156453773 57
1745378612305 0.4995443698167775 58
1745378612306 0.4995339032835314 59
1745378612307 0.4995230925676916 60
1745378612308 0.4995193306202779 61
1745378612308 0.4995139987287199 62
1745378612309 0.49950825827865386 63
1745378612310 0.4995000066926704 64
1745378612310 0.49949384707242533 65
1745378612311 0.4994831132414136 66
1745378612312 0.499478238873375 67
1745378612312 0.49946862372255435 68
1745378612313 0.4994588268618025 69
1745378612314 0.49945285753756197 70
1745378612315 0.4994414608217296 71
1745378612315 0.4994341495923568 72
1745378612316 0.49942797772449177 73
1745378612317 0.49942179924565155 74
1745378612318 0.4994130413822895 75
1745378612318 0.49940772709062126 76
1745378612319 0.4993965066281701 77
1745378612320 0.49938908456156045 78
1745378612320 0.49937968511301867 79
1745378612321 0.4993743678963378 80
1745378612322 0.49936206996008725 81
1745378612323 0.4993579364194982 82
1745378612323 0.4993516632722424 83
1745378612324 0.49934548410686 84
1745378612325 0.49934093357600223 85
1745378612325 0.4993335958139407 86
1745378612326 0.4993246806141228 87
1745378612327 0.4993177101925438 88
1745378612328 0.49930870597768046 89
1745378612328 0.4993030907951213 90
1745378612329 0.49929334098221884 91
1745378612330 0.49928519574243835 92
1745378612330 0.49928081551555065 93
1745378612331 0.4992755209246961 94
1745378612332 0.49926729181218044 95
1745378612333 0.4992612586564289 96
1745378612333 0.49925686215865656 97
1745378612334 0.49924396947317445 98
1745378612335 0.499235889643519 99
