1745378612410 0.49999070026066156 0
1745378612410 0.4999830898899585 1
1745378612411 0.4999717674437165 2
1745378612412 0.49996300332125276 3
1745378612412 0.4999568962842971 4
1745378612413 0.49994443355314433 5
1745378612414 0.49993569725763054 6
1745378612415 0.4999279840615764 7
1745378612415 0.4999209250814095 8
1745378612416 0.4999122871007025 9
1745378612417 0.4999058478432894 10
1745378612418 0.4998986848381534 11
1745378612418 0.4998874735386297 12
1745378612419 0.49987599132582544 13
1745378612420 0.49986575463861227 14
1745378612420 0.4998581640911847 15
1745378612421 0.4998511455145106 16
1745378612422 0.4998458140396327 17
1745378612423 0.49983353624928745 18
1745378612423 0.4998261065753177 19
1745378612424 0.4998198574122414 20
1745378612425 0.4998140101470426 21
1745378612425 0.4998026303470135 22
1745378612426 0.49979216970767826 23
1745378612427 0.4997810746400058 24
1745378612428 0.49977100450571627 25
1745378612428 0.49976712788973005 26
1745378612429 0.49976108140520753 27
1745378612430 0.4997525497627258 28
1745378612430 0.49974335329342634 29
1745378612431 0.4997302673140168 30
1745378612432 0.4997191224703938 31
1745378612433 0.49970914313647896 32
1745378612433 0.49969904666244985 33
1745378612434 0.49969029019143435 34
1745378612435 0.4996874430706725 35
1745378612435 0.4996803234018013 36
1745378612436 0.49966862940207124 37
1745378612437 0.49966255471948534 38
1745378612437 0.49965168036058544 39
1745378612438 0.49964871048275383 40
1745378612440 0.49964251337267457 41
1745378612441 0.49963212892014536 42
1745378612442 0.4996220496462285 43
1745378612443 0.49961856897551565 44
1745378612443 0.49960772779792545 45
1745378612444 0.49960289729990065 46
1745378612445 0.4995943954752758 47
1745378612446 0.4995817274842039 48
1745378612446 0.49957338963944464 49
1745378612447 0.4995706024817005 50
1745378612448 0.49956068966798484 51
1745378612448 0.499554504454881 52
1745378612449 0.49954502755928787 53
1745378612450 0.4995337356003001 54
1745378612450 0.49952807750012723 55
1745378612451 0.4995223199878633 56
1745378612452 0.49951202870648354 57
1745378612453 0.499505350179486 58
1745378612453 0.499493526455313 59
1745378612454 0.49948151988003403 60
1745378612455 0.4994770634962618 61
1745378612455 0.4994711673756689 62
1745378612456 0.4994646305854991 63
1745378612457 0.49945544147931037 64
1745378612458 0.49944822715051473 65
1745378612458 0.49943627971984444 66
1745378612459 0.4994306004058942 67
1745378612460 0.4994200724985823 68
1745378612460 0.4994090089159086 69
1745378612461 0.4994025168298185 70
1745378612462 0.4993901534773037 71
1745378612462 0.49938150494571776 72
1745378612463 0.49937444808240977 73
1745378612464 0.49936698374956845 74
1745378612465 0.49935736066367475 75
1745378612465 0.4993511070206389 76
1745378612466 0.49933909383509306 77
1745378612467 0.49933083006419243 78
1745378612467 0.4993200961826369 79
1745378612468 0.49931385956823826 80
1745378612469 0.4993007598563284 81
1745378612470 0.49929604750283063 82
1745378612470 0.49928885349806396 83
1745378612471 0.4992813860870898 84
1745378612472 0.49927634335815907 85
1745378612472 0.49926787385273724 86
1745378612473 0.4992577758278698 87
1745378612474 0.4992501940627024 88
1745378612474 0.49924016752664 89
1745378612475 0.4992336682679504 90
1745378612476 0.49922282081950453 91
1745378612477 0.4992138748169318 92
1745378612477 0.4992087037519738 93
1745378612478 0.49920252161569895 94
1745378612479 0.4991933128853887 95
1745378612479 0.499186246743761 96
1745378612480 0.49918118518505245 97
1745378612481 0.49916679157994687 98
1745378612482 0.49915775086164477 99
