1745387255732 0.49746625 0
1745387255732 0.49597375 1
1745387255733 0.49547875 2
1745387255734 0.494365 3
1745387255735 0.49372 4
1745387255735 0.49271625 5
1745387255736 0.49179875 6
1745387255737 0.491485 7
1745387255738 0.4909825 8
1745387255738 0.4902475 9
1745387255739 0.4901625 10
1745387255740 0.48994125 11
1745387255741 0.4901625 12
1745387255741 0.48916 13
1745387255742 0.488985 14
1745387255743 0.48845625 15
1745387255743 0.4883875 16
1745387255744 0.48843125 17
1745387255745 0.48775125 18
1745387255746 0.4878525 19
1745387255746 0.48725375 20
1745387255747 0.48707875 21
1745387255748 0.48662375 22
1745387255749 0.486045 23
1745387255750 0.48588 24
1745387255751 0.4855875 25
1745387255751 0.4856 26
1745387255752 0.48503125 27
1745387255753 0.48473 28
1745387255754 0.48472625 29
1745387255754 0.48426125 30
1745387255755 0.48450125 31
1745387255756 0.48421375 32
1745387255756 0.48416875 33
1745387255757 0.48395125 34
1745387255758 0.48336625 35
1745387255759 0.4830475 36
1745387255759 0.48291125 37
1745387255760 0.4823925 38
1745387255761 0.48223125 39
1745387255762 0.48224125 40
1745387255763 0.48206125 41
1745387255763 0.48196875 42
1745387255764 0.48180125 43
1745387255765 0.48143 44
1745387255766 0.4812875 45
1745387255766 0.48123 46
1745387255767 0.48053875 47
1745387255768 0.48048375 48
1745387255769 0.4803825 49
1745387255769 0.47997625 50
1745387255770 0.47995 51
1745387255771 0.47983875 52
1745387255772 0.47973375 53
1745387255773 0.47951125 54
1745387255773 0.47936875 55
1745387255774 0.47924625 56
1745387255775 0.4789575 57
1745387255776 0.47888125 58
1745387255776 0.47860375 59
1745387255777 0.478265 60
1745387255778 0.47783625 61
1745387255779 0.47769875 62
1745387255780 0.477565 63
1745387255780 0.47733 64
1745387255781 0.47711125 65
1745387255782 0.47717 66
1745387255783 0.4771125 67
1745387255783 0.4771225 68
1745387255784 0.4769925 69
1745387255785 0.4765075 70
1745387255786 0.4763975 71
1745387255787 0.47621 72
1745387255787 0.47615625 73
1745387255788 0.4761275 74
1745387255789 0.47592875 75
1745387255790 0.4759775 76
1745387255791 0.47584375 77
1745387255791 0.47571875 78
1745387255792 0.475295 79
1745387255793 0.475135 80
1745387255795 0.4749025 81
1745387255796 0.47468125 82
1745387255796 0.47465125 83
1745387255797 0.4746225 84
1745387255798 0.47437 85
1745387255799 0.4743375 86
1745387255799 0.47385125 87
1745387255800 0.47378625 88
1745387255801 0.47365375 89
1745387255802 0.47336 90
1745387255803 0.47313125 91
1745387255803 0.4729975 92
1745387255804 0.47282125 93
1745387255805 0.4721975 94
1745387255806 0.4722025 95
1745387255807 0.47207 96
1745387255808 0.4719425 97
1745387255808 0.4718525 98
1745387255809 0.47180125 99
