1745387256047 0.4999899676330015 0
1745387256048 0.4999816341828182 1
1745387256048 0.4999722488247231 2
1745387256049 0.4999610596268997 3
1745387256050 0.4999504925946146 4
1745387256051 0.49994117358364165 5
1745387256051 0.4999284670856595 6
1745387256052 0.49991427886396644 7
1745387256053 0.4999032876110822 8
1745387256054 0.49989036098256706 9
1745387256054 0.4998816982758418 10
1745387256055 0.499875722646676 11
1745387256056 0.4998668383042887 12
1745387256057 0.49985449124731124 13
1745387256058 0.49984540077041834 14
1745387256058 0.4998342569631338 15
1745387256059 0.499825848704204 16
1745387256060 0.4998200948961824 17
1745387256060 0.4998101869114861 18
1745387256061 0.4998042858086154 19
1745387256062 0.4997928905791044 20
1745387256063 0.49978168162688613 21
1745387256064 0.4997668699486926 22
1745387256064 0.49975582498494536 23
1745387256065 0.4997525128841028 24
1745387256066 0.4997426576593891 25
1745387256067 0.4997346849995479 26
1745387256067 0.49972499122336506 27
1745387256068 0.4997172040219605 28
1745387256069 0.4997124560051039 29
1745387256070 0.4997030744316056 30
1745387256070 0.4996946648193523 31
1745387256071 0.49968583950445056 32
1745387256072 0.4996817123743892 33
1745387256073 0.4996708024204895 34
1745387256074 0.49966062523126603 35
1745387256074 0.4996502568964288 36
1745387256075 0.49964353008799256 37
1745387256076 0.4996305504175648 38
1745387256077 0.4996215856636316 39
1745387256078 0.49961818354457616 40
1745387256078 0.4996129353629798 41
1745387256079 0.4996075452246517 42
1745387256080 0.4996001752009615 43
1745387256081 0.4995877227762714 44
1745387256081 0.4995771847588569 45
1745387256082 0.49957117945533247 46
1745387256083 0.49956006932687014 47
1745387256084 0.49955478646766394 48
1745387256085 0.49955054798327386 49
1745387256086 0.4995377405687049 50
1745387256087 0.49953372153274717 51
1745387256087 0.4995241945942119 52
1745387256088 0.4995142049668357 53
1745387256089 0.4995076986578107 54
1745387256090 0.49949620786190035 55
1745387256090 0.49949168300982566 56
1745387256091 0.4994832955011353 57
1745387256092 0.49947718643110245 58
1745387256093 0.49946632863450796 59
1745387256093 0.49945612351533025 60
1745387256094 0.49944441718053073 61
1745387256095 0.4994365765827149 62
1745387256096 0.4994280340370536 63
1745387256097 0.4994169296719506 64
1745387256098 0.49941019839610906 65
1745387256098 0.49940683991666884 66
1745387256099 0.4994009710064158 67
1745387256100 0.49939723905768246 68
1745387256101 0.4993886693368107 69
1745387256101 0.4993823617088422 70
1745387256102 0.49937174712844196 71
1745387256103 0.49936601677920667 72
1745387256104 0.4993611185479909 73
1745387256105 0.4993525028657913 74
1745387256105 0.4993477289596945 75
1745387256106 0.49934559208456425 76
1745387256107 0.4993365270847827 77
1745387256108 0.49932515870712696 78
1745387256108 0.4993129098298028 79
1745387256109 0.4993046662813425 80
1745387256110 0.499296209673658 81
1745387256111 0.4992860394840315 82
1745387256111 0.49927958950039 83
1745387256112 0.4992747280732915 84
1745387256113 0.49926328544013204 85
1745387256114 0.49925853284742683 86
1745387256114 0.499249461944662 87
1745387256115 0.49924594379190357 88
1745387256116 0.49923578952714803 89
1745387256117 0.49922836895573885 90
1745387256118 0.4992193760609254 91
1745387256118 0.4992097003341094 92
1745387256119 0.49920116895664485 93
1745387256120 0.4991922170564532 94
1745387256121 0.4991865057802573 95
1745387256121 0.49918222196284684 96
1745387256122 0.4991677997918427 97
1745387256123 0.4991580377900973 98
1745387256124 0.49915375148732216 99
