1745387255572 0.693127676968351 0
1745387255572 0.693111734893173 1
1745387255573 0.6930937407949567 2
1745387255574 0.6930723857598752 3
1745387255575 0.6930525005706399 4
1745387255576 0.6930347394382208 5
1745387255576 0.6930107233757525 6
1745387255577 0.6929841683284939 7
1745387255578 0.6929635667167604 8
1745387255579 0.692939516147226 9
1745387255580 0.6929238267420977 10
1745387255580 0.6929127882260829 11
1745387255581 0.6928969250578433 12
1745387255582 0.6928737792794406 13
1745387255583 0.692857120129019 14
1745387255584 0.6928366202265024 15
1745387255585 0.6928215192360804 16
1745387255586 0.6928115571315959 17
1745387255587 0.6927932588762418 18
1745387255588 0.6927827984754741 19
1745387255589 0.6927620748133957 20
1745387255590 0.6927412771471962 21
1745387255591 0.6927141516216472 22
1745387255591 0.6926931398608163 23
1745387255593 0.6926870983772352 24
1745387255594 0.6926692633923888 25
1745387255595 0.6926551574821398 26
1745387255595 0.6926367894560471 27
1745387255596 0.6926227425591275 28
1745387255597 0.6926141193277389 29
1745387255598 0.6925975460545719 30
1745387255598 0.6925829579645395 31
1745387255599 0.6925667537372187 32
1745387255600 0.6925593607999757 33
1745387255601 0.6925395545047894 34
1745387255602 0.6925204067322984 35
1745387255603 0.6925016118460149 36
1745387255604 0.6924894470222667 37
1745387255604 0.6924652038330212 38
1745387255605 0.6924489742470905 39
1745387255606 0.6924430250222982 40
1745387255607 0.6924335360013321 41
1745387255608 0.6924240882300958 42
1745387255609 0.6924106556873396 43
1745387255610 0.6923875680138171 44
1745387255610 0.6923686276880652 45
1745387255611 0.6923580763871595 46
1745387255612 0.6923384221661464 47
1745387255612 0.6923287878777087 48
1745387255613 0.6923214467326552 49
1745387255614 0.6922978925684466 50
1745387255615 0.6922907625216618 51
1745387255616 0.6922743088477105 52
1745387255616 0.6922560665928945 53
1745387255617 0.6922443223568797 54
1745387255618 0.6922235278223082 55
1745387255619 0.6922156201175228 56
1745387255620 0.692201109298803 57
1745387255620 0.6921905336571484 58
1745387255621 0.6921709457500651 59
1745387255622 0.6921520094621927 60
1745387255623 0.6921307091501355 61
1745387255623 0.6921165504812077 62
1745387255624 0.6921017581839487 63
1745387255625 0.6920817984545231 64
1745387255626 0.6920690212813392 65
1745387255626 0.692063715005368 66
1745387255627 0.6920531729083508 67
1745387255628 0.6920470737914741 68
1745387255629 0.6920314422698319 69
1745387255629 0.6920201895890384 70
1745387255630 0.6920007150540501 71
1745387255631 0.69199077067025 72
1745387255632 0.6919824530209229 73
1745387255633 0.6919672850226611 74
1745387255633 0.6919586131814123 75
1745387255634 0.6919553702297434 76
1745387255635 0.691938697753884 77
1745387255636 0.6919180209661647 78
1745387255637 0.6918958916758001 79
1745387255638 0.6918813254288957 80
1745387255639 0.691866039637439 81
1745387255639 0.6918480624298379 82
1745387255640 0.6918370926118642 83
1745387255641 0.691828551112637 84
1745387255641 0.6918076764962077 85
1745387255642 0.6917993823611737 86
1745387255643 0.6917821274292469 87
1745387255644 0.6917761126972735 88
1745387255645 0.6917587971745058 89
1745387255645 0.6917448386134952 90
1745387255646 0.6917288286676258 91
1745387255647 0.6917109715374559 92
1745387255648 0.6916957499027252 93
1745387255648 0.6916788438808172 94
1745387255649 0.6916693457720057 95
1745387255650 0.691661438231878 96
1745387255651 0.6916357290241495 97
1745387255651 0.6916185788832232 98
1745387255652 0.691611141529046 99
