1745387255890 0.49999024288276056 0
1745387255891 0.4999822767787279 1
1745387255892 0.49997328904506927 2
1745387255893 0.499962613228052 3
1745387255894 0.4999526751587393 4
1745387255895 0.4999437970821361 5
1745387255896 0.4999318003531739 6
1745387255897 0.4999185298867786 7
1745387255897 0.49990822934018736 8
1745387255898 0.49989622053881266 9
1745387255899 0.4998883931483849 10
1745387255900 0.49988286930690745 11
1745387255900 0.499874958539263 12
1745387255901 0.4998633900138182 13
1745387255902 0.4998550667796727 14
1745387255903 0.49984482148539094 15
1745387255904 0.4998372951130581 16
1745387255905 0.49983233985435077 17
1745387255905 0.4998231943217334 18
1745387255906 0.4998179764495517 19
1745387255907 0.4998076220795559 20
1745387255908 0.49979723175962326 21
1745387255908 0.49978367201537655 22
1745387255909 0.49977316468146366 23
1745387255910 0.499770150710952 24
1745387255911 0.49976124914288417 25
1745387255911 0.49975420436326057 26
1745387255912 0.49974503089200106 27
1745387255913 0.4997380177915992 28
1745387255914 0.49973371680899525 29
1745387255914 0.49972545803536267 30
1745387255915 0.499718206217189 31
1745387255916 0.4997101134906312 32
1745387255917 0.49970644352055316 33
1745387255918 0.4996965681075953 34
1745387255919 0.4996869970167447 35
1745387255920 0.49967761324129295 36
1745387255920 0.4996715474322368 37
1745387255921 0.49965942399026697 38
1745387255922 0.49965131971276183 39
1745387255923 0.4996483577293608 40
1745387255924 0.49964363031798603 41
1745387255924 0.49963893090324474 42
1745387255925 0.4996322311167097 43
1745387255926 0.49962068880348 44
1745387255927 0.4996112411303859 45
1745387255927 0.49960599258279276 46
1745387255928 0.49959618598689925 47
1745387255929 0.4995913849361448 48
1745387255930 0.4995877376897554 49
1745387255930 0.4995759655109934 50
1745387255931 0.49957241138420877 51
1745387255932 0.49956420818664454 52
1745387255933 0.49955511196132324 53
1745387255933 0.49954925414892565 54
1745387255934 0.4995388741132246 55
1745387255935 0.49953494323504744 56
1745387255936 0.4995277231535914 57
1745387255937 0.49952244875665225 58
1745387255937 0.4995126815400675 59
1745387255938 0.4995032195448541 60
1745387255939 0.49949256907696893 61
1745387255940 0.4994855081148438 62
1745387255940 0.49947816701303444 63
1745387255941 0.499468190936812 64
1745387255942 0.4994618065907309 65
1745387255943 0.49945918007527834 66
1745387255944 0.4994539268162817 67
1745387255944 0.49945092177078515 68
1745387255945 0.4994431215134031 69
1745387255946 0.4994375130601152 70
1745387255947 0.49942777459498666 71
1745387255947 0.49942283004714083 72
1745387255948 0.49941870725778226 73
1745387255949 0.4994111353217318 74
1745387255950 0.49940681007313426 75
1745387255950 0.4994052408574193 76
1745387255951 0.49939691600148484 77
1745387255952 0.49938660691177317 78
1745387255953 0.49937556065777744 79
1745387255954 0.49936830236258634 80
1745387255954 0.49936066836656556 81
1745387255955 0.49935170423981584 82
1745387255956 0.49934624255449095 83
1745387255957 0.4993419884842285 84
1745387255958 0.4993315623496145 85
1745387255958 0.49932743946426605 86
1745387255959 0.4993188065038173 87
1745387255960 0.49931584313120464 88
1745387255961 0.4993072238317008 89
1745387255961 0.49930024022673475 90
1745387255962 0.49929224224501206 91
1745387255963 0.4992833258347569 92
1745387255964 0.49927573348315885 93
1745387255964 0.4992672809710749 94
1745387255965 0.4992626025390699 95
1745387255966 0.49925866084846215 96
1745387255967 0.4992458108629039 97
1745387255968 0.4992372722023803 98
1745387255968 0.49923358334120704 99
