1745387256206 0.5042084029100743 0
1745387256206 0.506594571360004 1
1745387256207 0.5076310582471116 2
1745387256208 0.5092589077017721 3
1745387256209 0.5106017115005789 4
1745387256209 0.5118744206127999 5
1745387256210 0.513079398952627 6
1745387256211 0.5142230467799774 7
1745387256212 0.5150378096090155 8
1745387256212 0.5159496244545719 9
1745387256213 0.5164351674471152 10
1745387256214 0.5168646963848904 11
1745387256215 0.5168800594505717 12
1745387256215 0.5180500908723105 13
1745387256216 0.518376224868142 14
1745387256217 0.5191347556388429 15
1745387256218 0.5192543170012298 16
1745387256218 0.5191228329645474 17
1745387256219 0.520084304483167 18
1745387256220 0.5201050203566309 19
1745387256221 0.5210605673694277 20
1745387256221 0.5217139820290526 21
1745387256222 0.52249097012799 22
1745387256223 0.5234548077889312 23
1745387256224 0.5236143280514945 24
1745387256224 0.5239876075965223 25
1745387256225 0.5241139800102885 26
1745387256226 0.52496211458858 27
1745387256227 0.5253404598001803 28
1745387256227 0.5255155556069829 29
1745387256228 0.526088664440464 30
1745387256229 0.5260906309225962 31
1745387256230 0.5264138422093471 32
1745387256230 0.5264791516580568 33
1745387256231 0.5269286992678752 34
1745387256232 0.5277016693648748 35
1745387256232 0.5281171075239366 36
1745387256233 0.5284322090066617 37
1745387256234 0.529196147013381 38
1745387256235 0.5294716279591191 39
1745387256235 0.5294908105763335 40
1745387256236 0.5296640909981868 41
1745387256237 0.5297308191529125 42
1745387256238 0.5300381927823901 43
1745387256238 0.5308260001721246 44
1745387256239 0.5312469860299911 45
1745387256240 0.5313459421128894 46
1745387256241 0.531739318233244 47
1745387256241 0.5318757688769222 48
1745387256242 0.5318952266978225 49
1745387256243 0.5325793839669682 50
1745387256244 0.532650221023817 51
1745387256244 0.5328006853710516 52
1745387256245 0.533140038709446 53
1745387256246 0.5333173495488873 54
1745387256247 0.5337887476469817 55
1745387256247 0.5338880355774313 56
1745387256248 0.5341502721524305 57
1745387256249 0.5343178713439568 58
1745387256250 0.5347464150578495 59
1745387256250 0.5352616934328612 60
1745387256251 0.5358738864709863 61
1745387256252 0.5361285420680374 62
1745387256253 0.5362961877596585 63
1745387256253 0.5368545354880601 64
1745387256254 0.5371871024751255 65
1745387256255 0.5371509473327001 66
1745387256255 0.537278751071258 67
1745387256256 0.5372882629500159 68
1745387256257 0.5375302846525721 69
1745387256258 0.5378185277461913 70
1745387256258 0.538307972327935 71
1745387256259 0.538393637108749 72
1745387256260 0.5384996230528475 73
1745387256261 0.5386274568508416 74
1745387256262 0.5389066976354913 75
1745387256262 0.5388728619009173 76
1745387256263 0.5391938460175046 77
1745387256264 0.5395858747851138 78
1745387256264 0.5401404651996088 79
1745387256265 0.5402884274886199 80
1745387256266 0.5406214056077732 81
1745387256267 0.5409053844833279 82
1745387256268 0.5409499945023573 83
1745387256268 0.5409968036039928 84
1745387256269 0.5414458398627692 85
1745387256270 0.5415542606680794 86
1745387256271 0.5421739007995049 87
1745387256271 0.5422890256059762 88
1745387256272 0.542469858218219 89
1745387256273 0.5428748181996788 90
1745387256274 0.5430804990156811 91
1745387256274 0.5434381638945149 92
1745387256275 0.5437039198110607 93
1745387256276 0.5443728004428264 94
1745387256277 0.54437046627557 95
1745387256277 0.5445450728845007 96
1745387256278 0.5447876849070098 97
1745387256279 0.5450095430622277 98
1745387256280 0.5451089668679542 99
