1745378148802 0.4981675 0
1745378148803 0.4977975 1
1745378148804 0.4971275 2
1745378148805 0.49676375 3
1745378148805 0.49654375 4
1745378148806 0.49609875 5
1745378148807 0.49556625 6
1745378148807 0.495405 7
1745378148808 0.495015 8
1745378148809 0.49478875 9
1745378148809 0.49456 10
1745378148810 0.494515 11
1745378148811 0.494365 12
1745378148811 0.49449125 13
1745378148812 0.49444625 14
1745378148813 0.494345 15
1745378148814 0.4942025 16
1745378148814 0.49420125 17
1745378148815 0.494235 18
1745378148816 0.4940675 19
1745378148816 0.49401125 20
1745378148817 0.494155 21
1745378148818 0.49418375 22
1745378148818 0.49384 23
1745378148819 0.4936475 24
1745378148820 0.493635 25
1745378148820 0.49342375 26
1745378148821 0.49342125 27
1745378148822 0.49366 28
1745378148822 0.49341375 29
1745378148823 0.4932425 30
1745378148824 0.49314 31
1745378148824 0.4927 32
1745378148825 0.49262625 33
1745378148826 0.49264625 34
1745378148826 0.492645 35
1745378148827 0.492735 36
1745378148828 0.49270625 37
1745378148829 0.492835 38
1745378148829 0.49250375 39
1745378148830 0.49242875 40
1745378148831 0.49235125 41
1745378148831 0.492085 42
1745378148832 0.4922975 43
1745378148833 0.4922575 44
1745378148833 0.49225875 45
1745378148834 0.49189375 46
1745378148835 0.49198 47
1745378148835 0.4919975 48
1745378148836 0.49191375 49
1745378148837 0.4918675 50
1745378148838 0.491815 51
1745378148838 0.4917525 52
1745378148839 0.49168625 53
1745378148840 0.49193875 54
1745378148840 0.49186625 55
1745378148841 0.4919 56
1745378148842 0.4919275 57
1745378148842 0.49178875 58
1745378148843 0.4916675 59
1745378148844 0.49171375 60
1745378148844 0.4916725 61
1745378148845 0.49153375 62
1745378148846 0.49134625 63
1745378148846 0.49145125 64
1745378148847 0.4914625 65
1745378148848 0.491515 66
1745378148849 0.49149125 67
1745378148849 0.491465 68
