1745378148708 0.6931458556384593 0
1745378148708 0.6931445128251612 1
1745378148709 0.6931428313864768 2
1745378148710 0.6931415353644639 3
1745378148710 0.6931406668934971 4
1745378148711 0.6931386523589492 5
1745378148712 0.6931373794610053 6
1745378148712 0.6931362923032045 7
1745378148713 0.6931349890169501 8
1745378148714 0.6931337141797692 9
1745378148714 0.6931324619455635 10
1745378148715 0.6931310771871358 11
1745378148716 0.6931300527372957 12
1745378148717 0.693128864787966 13
1745378148717 0.6931278161220997 14
1745378148718 0.6931262679502368 15
1745378148719 0.6931250545921922 16
1745378148719 0.69312402884081 17
1745378148720 0.6931230204320699 18
1745378148721 0.693121748175025 19
1745378148721 0.6931207661975175 20
1745378148722 0.6931197137479485 21
1745378148723 0.6931188000217825 22
1745378148723 0.6931170205619931 23
1745378148724 0.6931155954074859 24
1745378148725 0.6931144622927904 25
1745378148725 0.6931132205843925 26
1745378148726 0.693112143869549 27
1745378148727 0.6931111868087202 28
1745378148727 0.6931093705909699 29
1745378148728 0.6931084517145902 30
1745378148729 0.6931068675921113 31
1745378148730 0.6931048985300213 32
1745378148730 0.6931027774792164 33
1745378148731 0.6931015266204625 34
1745378148732 0.693100464552641 35
1745378148732 0.6930993856186419 36
1745378148733 0.6930976811812073 37
1745378148734 0.6930962887873501 38
1745378148734 0.6930949422472715 39
1745378148735 0.6930940500220656 40
1745378148736 0.6930927637233585 41
1745378148736 0.6930915763539076 42
1745378148737 0.6930908143191785 43
1745378148738 0.6930900584682822 44
1745378148738 0.6930888443545252 45
1745378148739 0.693087103086263 46
1745378148740 0.6930864193566889 47
1745378148740 0.6930845987273008 48
1745378148741 0.6930833084057272 49
1745378148742 0.6930825463929773 50
1745378148742 0.6930809207328409 51
1745378148743 0.6930799639063329 52
1745378148744 0.6930788476354629 53
1745378148745 0.6930781561147421 54
1745378148745 0.6930769295247644 55
1745378148746 0.6930752251566946 56
1745378148747 0.6930739427860081 57
1745378148747 0.693072608233802 58
1745378148748 0.6930708098863065 59
1745378148749 0.6930689968144521 60
1745378148749 0.693067859724164 61
1745378148750 0.6930662467376143 62
1745378148751 0.6930649026354775 63
1745378148751 0.6930635077315196 64
1745378148752 0.6930625091247261 65
1745378148753 0.6930609016174079 66
1745378148754 0.6930598635787517 67
1745378148754 0.6930591757560148 68
