1745378149089 0.5025134819487057 0
1745378149090 0.5040867702272064 1
1745378149091 0.5046680864679051 2
1745378149091 0.5054777637653949 3
1745378149092 0.5059354640511294 4
1745378149093 0.5063578284670829 5
1745378149093 0.5070968532750775 6
1745378149094 0.5073286752282814 7
1745378149095 0.507963386782826 8
1745378149095 0.5084549862083444 9
1745378149096 0.5086937423356669 10
1745378149097 0.5090035763039642 11
1745378149097 0.5092799333933213 12
1745378149098 0.5094810406959428 13
1745378149099 0.5097595900023 14
1745378149100 0.5099217444631846 15
1745378149100 0.5099648488037363 16
1745378149101 0.5100167396498493 17
1745378149102 0.5100148397307409 18
1745378149102 0.5103060216685372 19
1745378149103 0.51033900482076 20
1745378149104 0.5103215902414382 21
1745378149104 0.5102726034991764 22
1745378149105 0.5108007216798401 23
1745378149106 0.5111485642584649 24
1745378149106 0.5111417597691724 25
1745378149107 0.511085016078055 26
1745378149108 0.5112251000902988 27
1745378149108 0.5112404874563194 28
1745378149109 0.511517977133991 29
1745378149110 0.5115717504835269 30
1745378149110 0.5117416369681802 31
1745378149111 0.5121805393979066 32
1745378149112 0.5123405888202196 33
1745378149112 0.5123475021473907 34
1745378149113 0.5126565434285558 35
1745378149114 0.5127465082133486 36
1745378149115 0.5128121019914984 37
1745378149115 0.512877496118954 38
1745378149116 0.5130503732327595 39
1745378149117 0.5130336584027465 40
1745378149117 0.5132555318682224 41
1745378149118 0.5134996483485644 42
1745378149119 0.5134978155046893 43
1745378149119 0.5135730165787555 44
1745378149120 0.5136207281759573 45
1745378149121 0.5140133100383203 46
1745378149121 0.5139948325615515 47
1745378149122 0.5140848715497274 48
1745378149123 0.5143361489424767 49
1745378149123 0.5143165831306724 50
1745378149124 0.5143027139886823 51
1745378149125 0.5142967359741395 52
1745378149126 0.5143485195761295 53
1745378149126 0.5143079249068071 54
1745378149127 0.5142846300007822 55
1745378149128 0.5143337344934537 56
1745378149128 0.5143553528623972 57
1745378149129 0.5143222003939605 58
1745378149130 0.5144008583581756 59
1745378149130 0.514510648118174 60
1745378149131 0.5146237982586107 61
1745378149132 0.514922940870971 62
1745378149132 0.5150174984154884 63
1745378149133 0.5149705775585371 64
1745378149134 0.5149318298206388 65
1745378149134 0.514912352406017 66
1745378149135 0.5149206319066899 67
1745378149136 0.5149570378145678 68
