1745378148994 0.4999993321722746 0
1745378148995 0.4999986568670347 1
1745378148995 0.4999978090123087 2
1745378148996 0.499997153339535 3
1745378148997 0.4999967144614831 4
1745378148997 0.4999956856697425 5
1745378148998 0.49999503431364895 6
1745378148999 0.49999448017433284 7
1745378148999 0.49999381453320385 8
1745378149000 0.4999931627910212 9
1745378149001 0.49999251726027577 10
1745378149002 0.49999180729426446 11
1745378149002 0.499991279081963 12
1745378149003 0.49999066471453757 13
1745378149004 0.4999901187355444 14
1745378149004 0.4999893212714046 15
1745378149005 0.4999886851647869 16
1745378149006 0.49998814690534027 17
1745378149007 0.4999876102336496 18
1745378149007 0.49998696387767794 19
1745378149008 0.4999864384191483 20
1745378149009 0.4999858833596855 21
1745378149009 0.49998539170775563 22
1745378149010 0.499984483448416 23
1745378149011 0.4999837456118688 24
1745378149011 0.4999831457094103 25
1745378149012 0.4999824916828796 26
1745378149013 0.4999819086289406 27
1745378149013 0.49998139759179205 28
1745378149014 0.49998046144712716 29
1745378149015 0.4999799719138816 30
1745378149015 0.49997915625084194 31
1745378149016 0.49997814920138567 32
1745378149017 0.4999770524699986 33
1745378149017 0.4999763918894529 34
1745378149018 0.49997583045516164 35
1745378149019 0.49997525525823233 36
1745378149020 0.49997435567297044 37
1745378149020 0.49997363362848757 38
1745378149021 0.4999729228896275 39
1745378149022 0.4999724432570487 40
1745378149022 0.499971773676537 41
1745378149023 0.49997114400886 42
1745378149024 0.49997072615213695 43
1745378149024 0.49997031360350547 44
1745378149025 0.49996967408981174 45
1745378149026 0.499968774475716 46
1745378149026 0.49996839422516526 47
1745378149027 0.4999674449113384 48
1745378149028 0.4999667885409668 49
1745378149028 0.49996636038225145 50
1745378149029 0.4999654883789644 51
1745378149030 0.4999649538554996 52
1745378149030 0.49996433931026607 53
1745378149031 0.4999639514686912 54
1745378149032 0.4999633027954027 55
1745378149032 0.49996239397481085 56
1745378149033 0.499961712103039 57
1745378149034 0.4999609768724814 58
1745378149035 0.4999600365033373 59
1745378149035 0.49995908602405337 60
1745378149036 0.4999584625818953 61
1745378149037 0.4999576288256049 62
1745378149037 0.4999569086571783 63
1745378149038 0.49995615708380936 64
1745378149039 0.49995560140106826 65
1745378149039 0.49995473624162373 66
1745378149040 0.49995415410518645 67
1745378149041 0.4999537622289732 68
