1745378148898 0.49999933582170525 0
1745378148898 0.4999986659505303 1
1745378148899 0.4999978263061183 2
1745378148900 0.49999717832875534 3
1745378148900 0.49999674473814837 4
1745378148901 0.4999957350407064 5
1745378148902 0.49999509841293355 6
1745378148902 0.4999945567951227 7
1745378148903 0.49999390424646595 8
1745378148904 0.4999932675890366 9
1745378148905 0.4999926428702112 10
1745378148905 0.49999195158800697 11
1745378148906 0.4999914382406238 12
1745378148907 0.4999908443948007 13
1745378148907 0.49999031974463026 14
1745378148908 0.4999895455787382 15
1745378148909 0.49998894045673953 16
1745378148909 0.49998842828003776 17
1745378148910 0.49998792456948316 18
1745378148911 0.4999872878513343 19
1745378148911 0.499986797889817 20
1745378148912 0.4999862716032128 21
1745378148913 0.4999858160865316 22
1745378148914 0.49998492573085224 23
1745378148914 0.4999842143839774 24
1745378148915 0.49998364754330216 25
1745378148916 0.4999830271455076 26
1745378148916 0.49998249004672507 27
1745378148917 0.49998201232647893 28
1745378148918 0.49998110381778665 29
1745378148918 0.49998064604314274 30
1745378148919 0.4999798532801108 31
1745378148920 0.4999788688250685 32
1745378148920 0.4999778086484124 33
1745378148921 0.4999771839158966 34
1745378148922 0.4999766540705747 35
1745378148922 0.4999761158445113 36
1745378148923 0.49997526448940477 37
1745378148924 0.4999745680068047 38
1745378148924 0.49997389543123566 39
1745378148925 0.499973450606718 40
1745378148926 0.49997280827649515 41
1745378148926 0.4999722163557499 42
1745378148927 0.49997183721966115 43
1745378148928 0.4999714600746966 44
1745378148928 0.4999708537099414 45
1745378148929 0.49996998227921347 46
1745378148930 0.49996964319168447 47
1745378148931 0.49996873258726215 48
1745378148931 0.49996808770053724 49
1745378148932 0.4999677080057665 50
1745378148933 0.499966896977241 51
1745378148933 0.4999664196421255 52
1745378148934 0.49996586403093013 53
1745378148935 0.4999655197544042 54
1745378148935 0.49996490662898774 55
1745378148936 0.49996405394993565 56
1745378148937 0.4999634128884703 57
1745378148937 0.49996274825678827 58
1745378148938 0.49996184879192435 59
1745378148939 0.4999609439717073 60
1745378148939 0.4999603774477007 61
1745378148940 0.4999595717753395 62
1745378148941 0.49995890244120733 63
1745378148941 0.4999582051439183 64
1745378148942 0.49995770839621045 65
1745378148943 0.49995690576758256 66
1745378148943 0.49995638963350003 67
1745378148944 0.49995604755858625 68
