1745387067318 0.49746625 0
1745387067319 0.495885 1
1745387067320 0.49548125 2
1745387067320 0.494655 3
1745387067322 0.49399125 4
1745387067323 0.4939 5
1745387067324 0.49391875 6
1745387067325 0.49296625 7
1745387067326 0.492985 8
1745387067327 0.49326375 9
1745387067328 0.492835 10
1745387067330 0.492945 11
1745387067332 0.49298 12
1745387067333 0.492515 13
1745387067334 0.49231375 14
1745387067335 0.49172125 15
1745387067335 0.4917875 16
1745387067336 0.49192 17
1745387067337 0.4918975 18
1745387067338 0.4916725 19
1745387067338 0.49151625 20
1745387067339 0.491395 21
1745387067340 0.4914325 22
1745387067341 0.4914125 23
1745387067342 0.49099125 24
1745387067343 0.49089625 25
1745387067343 0.49037 26
1745387067344 0.49042625 27
1745387067345 0.490575 28
1745387067346 0.4902825 29
1745387067346 0.48994625 30
1745387067347 0.48980375 31
1745387067348 0.489695 32
1745387067349 0.48942875 33
1745387067350 0.48933125 34
1745387067350 0.48901 35
1745387067352 0.48893875 36
1745387067352 0.48864875 37
1745387067354 0.488425 38
1745387067354 0.488045 39
1745387067355 0.48813875 40
1745387067356 0.48832 41
1745387067359 0.48831375 42
1745387067360 0.488515 43
1745387067361 0.48853375 44
1745387067362 0.48862625 45
1745387067363 0.488535 46
1745387067363 0.488085 47
1745387067364 0.48795 48
1745387067365 0.487955 49
1745387067366 0.48791625 50
1745387067366 0.4876925 51
1745387067367 0.48768375 52
1745387067368 0.48750625 53
1745387067369 0.48730625 54
1745387067370 0.4871425 55
1745387067370 0.48715125 56
1745387067371 0.48718375 57
1745387067372 0.48724875 58
1745387067372 0.48708125 59
1745387067373 0.48706625 60
1745387067374 0.4871175 61
1745387067375 0.48695625 62
1745387067375 0.486975 63
1745387067376 0.4869575 64
1745387067377 0.486785 65
1745387067378 0.4868125 66
1745387067378 0.48686375 67
1745387067379 0.48689 68
1745387067380 0.48674625 69
1745387067381 0.486505 70
1745387067381 0.48616 71
1745387067382 0.48614 72
1745387067383 0.48629 73
1745387067384 0.48629875 74
1745387067385 0.4861125 75
1745387067385 0.4861125 76
1745387067386 0.48608875 77
1745387067387 0.48607625 78
1745387067388 0.48606875 79
1745387067388 0.485795 80
1745387067389 0.48561875 81
1745387067390 0.485515 82
1745387067391 0.4854625 83
1745387067392 0.48547375 84
1745387067392 0.48533 85
1745387067393 0.4852775 86
1745387067394 0.48505125 87
1745387067395 0.48514375 88
1745387067396 0.48493125 89
1745387067396 0.484805 90
1745387067397 0.484645 91
1745387067398 0.484445 92
1745387067399 0.4843475 93
1745387067399 0.48422625 94
1745387067400 0.48402125 95
1745387067401 0.4840475 96
1745387067402 0.4837825 97
1745387067402 0.48381625 98
1745387067403 0.48377625 99
