1745387067794 0.5042084029100743 0
1745387067794 0.5065646346146252 1
1745387067795 0.507444144497477 2
1745387067796 0.5088604328585274 3
1745387067797 0.5101841139027418 4
1745387067797 0.5102209296152632 5
1745387067798 0.511034144997398 6
1745387067799 0.5124202835313854 7
1745387067800 0.5124875181996432 8
1745387067800 0.5123908885464856 9
1745387067801 0.5127988323121505 10
1745387067802 0.5127366032572179 11
1745387067803 0.5128894012998331 12
1745387067804 0.5136002563265073 13
1745387067804 0.5139381760588554 14
1745387067805 0.5145576789837514 15
1745387067806 0.5146133882503983 16
1745387067807 0.5145270038743679 17
1745387067808 0.5145179785591015 18
1745387067808 0.5149682456860112 19
1745387067809 0.515184526595489 20
1745387067810 0.5155636874525014 21
1745387067811 0.5157043701516785 22
1745387067811 0.5159312271045826 23
1745387067812 0.5164908522605872 24
1745387067813 0.5168881777827399 25
1745387067813 0.5169891155446764 26
1745387067814 0.5172941720850572 27
1745387067815 0.5172257008361545 28
1745387067816 0.5176271536010925 29
1745387067817 0.5182426640616027 30
1745387067817 0.5182574568198718 31
1745387067818 0.5186313410630067 32
1745387067819 0.5188028589468934 33
1745387067820 0.5191088859517518 34
1745387067821 0.5195374202562503 35
1745387067822 0.5196074339614211 36
1745387067823 0.5200884764260434 37
1745387067823 0.5204293408112669 38
1745387067824 0.5206326732162339 39
1745387067825 0.5206977808332822 40
1745387067826 0.5207154359473841 41
1745387067827 0.5207950053782772 42
1745387067827 0.5207135269122439 43
1745387067828 0.5205896879880154 44
1745387067829 0.5205653695353353 45
1745387067830 0.5208091811009139 46
1745387067830 0.5211857232525899 47
1745387067831 0.5213379773065966 48
1745387067832 0.5214224862881803 49
1745387067833 0.5215988405506723 50
1745387067833 0.521934538022242 51
1745387067834 0.5221194886835013 52
1745387067835 0.5222916147592523 53
1745387067836 0.5224817826498931 54
1745387067836 0.5226819062170711 55
1745387067837 0.5226736909878306 56
1745387067838 0.522674243763957 57
1745387067839 0.5227061776384054 58
1745387067839 0.5228531751223254 59
1745387067840 0.522857046295839 60
1745387067841 0.5228335225322782 61
1745387067842 0.5230873768308214 62
1745387067843 0.5232510030673768 63
1745387067843 0.5234371771030041 64
1745387067844 0.5237074298380884 65
1745387067845 0.5236712123267858 66
1745387067846 0.5236339332070701 67
1745387067846 0.5236798069192995 68
1745387067847 0.5238408015036172 69
1745387067848 0.5239265941471918 70
1745387067849 0.5243139090926953 71
1745387067849 0.5244079428436881 72
1745387067850 0.5244329777478282 73
1745387067851 0.5245488185307584 74
1745387067852 0.524728574881433 75
1745387067853 0.5247920365076273 76
1745387067854 0.5247507006046449 77
1745387067854 0.524985978090333 78
1745387067855 0.5252492746237422 79
1745387067856 0.5253286655136464 80
1745387067857 0.5256650912648251 81
1745387067857 0.5258931015513295 82
1745387067858 0.5259070089452944 83
1745387067859 0.5259787112039062 84
1745387067860 0.5261687959568775 85
1745387067861 0.5262699843443248 86
1745387067861 0.5266199180230293 87
1745387067862 0.5265991238369059 88
1745387067863 0.5267077674801701 89
1745387067864 0.5268835172164302 90
1745387067864 0.5271494970709324 91
1745387067865 0.5274413994188831 92
1745387067866 0.5275024363557616 93
1745387067867 0.5280904551071255 94
1745387067867 0.5283329009917961 95
1745387067868 0.5283632582661568 96
1745387067869 0.5285149167095747 97
1745387067870 0.5285999149765305 98
1745387067871 0.5285938709017142 99
