1745387067639 0.4999979939744249 0
1745387067640 0.49999623225413264 1
1745387067640 0.4999943012173474 2
1745387067641 0.49999192588392644 3
1745387067642 0.4999897169189155 4
1745387067643 0.4999878220680356 5
1745387067644 0.4999851194910705 6
1745387067645 0.4999819798557088 7
1745387067645 0.4999800581653044 8
1745387067646 0.4999781559737399 9
1745387067647 0.4999759923966229 10
1745387067648 0.49997434197779744 11
1745387067649 0.4999722343736142 12
1745387067649 0.499969272800684 13
1745387067650 0.49996719143483787 14
1745387067651 0.499964585227184 15
1745387067652 0.49996298048976806 16
1745387067652 0.49996130076330153 17
1745387067653 0.49995944271292536 18
1745387067654 0.49995666988048704 19
1745387067655 0.4999545425635949 20
1745387067656 0.49995224665973337 21
1745387067656 0.4999502103235945 22
1745387067657 0.4999484564211592 23
1745387067658 0.4999457090999931 24
1745387067659 0.4999432919786498 25
1745387067659 0.49994097975291313 26
1745387067660 0.4999387523550913 27
1745387067661 0.4999374741499498 28
1745387067662 0.49993588305611164 29
1745387067663 0.49993323836460707 30
1745387067663 0.4999310949626565 31
1745387067664 0.49992824388250706 32
1745387067665 0.4999269223097339 33
1745387067665 0.49992412826642396 34
1745387067666 0.4999216731705889 35
1745387067667 0.49991948312636464 36
1745387067668 0.4999173788060993 37
1745387067669 0.4999151682377234 38
1745387067669 0.4999139596659318 39
1745387067670 0.49991207766573875 40
1745387067671 0.4999100369907543 41
1745387067672 0.49990859202023596 42
1745387067672 0.4999069948614761 43
1745387067673 0.4999048906588927 44
1745387067674 0.49990300109226254 45
1745387067675 0.49990092230208216 46
1745387067675 0.49989846280820666 47
1745387067676 0.49989736449424177 48
1745387067677 0.49989601397987454 49
1745387067677 0.49989401634644715 50
1745387067678 0.49989118823897094 51
1745387067679 0.4998890254645795 52
1745387067680 0.4998869599920511 53
1745387067680 0.4998843759488687 54
1745387067681 0.49988282282985746 55
1745387067682 0.4998812134592235 56
1745387067683 0.49987989755533635 57
1745387067684 0.4998783692508936 58
1745387067685 0.4998761080888286 59
1745387067686 0.4998745401325077 60
1745387067686 0.4998723573123291 61
1745387067687 0.49986987258981913 62
1745387067688 0.4998682978877425 63
1745387067688 0.49986622323635965 64
1745387067689 0.49986374366994946 65
1745387067690 0.4998619561832398 66
1745387067691 0.49986058920249343 67
1745387067691 0.4998592159828916 68
1745387067692 0.49985725951768456 69
1745387067693 0.49985570786375555 70
1745387067694 0.49985391846202315 71
1745387067694 0.4998521387128159 72
1745387067695 0.4998508208398521 73
1745387067696 0.49984852943781766 74
1745387067697 0.4998464635550231 75
1745387067698 0.49984433635476977 76
1745387067698 0.49984351440083236 77
1745387067699 0.4998415539360419 78
1745387067700 0.4998395664931834 79
1745387067700 0.49983734421860426 80
1745387067701 0.4998347713754326 81
1745387067702 0.49983174234379085 82
1745387067703 0.4998300442697853 83
1745387067703 0.49982800723101944 84
1745387067704 0.49982688452545554 85
1745387067705 0.49982546083342283 86
1745387067706 0.4998236659517884 87
1745387067707 0.4998222470004484 88
1745387067707 0.4998202375263348 89
1745387067708 0.49981785322133454 90
1745387067709 0.49981542488090697 91
1745387067710 0.4998130549121276 92
1745387067711 0.499812030053027 93
1745387067711 0.49980884878810494 94
1745387067712 0.4998068119489029 95
1745387067713 0.49980544081017375 96
1745387067714 0.49980299879129975 97
1745387067714 0.4998013852866739 98
1745387067715 0.4997993239261955 99
