1745387067153 0.6931431898032129 0
1745387067154 0.6931396966719627 1
1745387067155 0.6931358719734848 2
1745387067155 0.6931311606416851 3
1745387067156 0.6931268080273271 4
1745387067157 0.6931230882455408 5
1745387067158 0.6931177712818235 6
1745387067159 0.693111586882174 7
1745387067159 0.6931078350840509 8
1745387067160 0.6931041504842788 9
1745387067161 0.6930999457903206 10
1745387067162 0.6930967547361553 11
1745387067163 0.6930926877953857 12
1745387067163 0.6930869017708301 13
1745387067164 0.6930828294473886 14
1745387067165 0.6930777690640092 15
1745387067166 0.693074697471261 16
1745387067167 0.6930714835247398 17
1745387067167 0.69306793229267 18
1745387067168 0.6930625508446991 19
1745387067169 0.6930584452918916 20
1745387067170 0.6930540130831301 21
1745387067171 0.6930501392877102 22
1745387067172 0.6930467885618656 23
1745387067172 0.6930414966285974 24
1745387067173 0.6930368840363622 25
1745387067174 0.6930324901827425 26
1745387067175 0.6930282183470577 27
1745387067176 0.6930258423169702 28
1745387067176 0.6930227627727389 29
1745387067177 0.693017693721056 30
1745387067178 0.6930136887661368 31
1745387067179 0.6930082289719581 32
1745387067180 0.6930057632112503 33
1745387067181 0.6930003702947497 34
1745387067182 0.6929956711742282 35
1745387067183 0.6929915804670751 36
1745387067184 0.6929874863866716 37
1745387067185 0.6929832397709041 38
1745387067185 0.6929809225729853 39
1745387067186 0.6929774028854072 40
1745387067187 0.692973630112186 41
1745387067188 0.6929709323744476 42
1745387067189 0.6929679996751994 43
1745387067190 0.6929641227862239 44
1745387067191 0.6929605839716643 45
1745387067192 0.692956591469869 46
1745387067193 0.6929519165109098 47
1745387067194 0.6929497957603633 48
1745387067194 0.6929472040239721 49
1745387067195 0.6929434668204189 50
1745387067196 0.6929381577464938 51
1745387067197 0.6929340351586044 52
1745387067200 0.6929301369574666 53
1745387067200 0.6929252736245841 54
1745387067201 0.6929223202146589 55
1745387067202 0.6929193907764554 56
1745387067203 0.6929169668984413 57
1745387067204 0.6929141163738072 58
1745387067204 0.692909878244251 59
1745387067205 0.6929070316722244 60
1745387067206 0.6929030466161669 61
1745387067207 0.6928983169385046 62
1745387067208 0.6928953363315761 63
1745387067208 0.6928914660581201 64
1745387067209 0.6928867136765271 65
1745387067210 0.6928834822250902 66
1745387067211 0.6928810060748458 67
1745387067212 0.6928784976759553 68
1745387067212 0.6928748046158999 69
1745387067213 0.6928719162890316 70
1745387067214 0.6928684676183761 71
1745387067215 0.6928651606120915 72
1745387067215 0.6928628216526658 73
1745387067216 0.6928585751102865 74
1745387067217 0.6928547590140999 75
1745387067218 0.6928508334521949 76
1745387067218 0.6928493689734488 77
1745387067219 0.6928457397743315 78
1745387067220 0.6928419615747035 79
1745387067221 0.6928378342869878 80
1745387067222 0.6928328886646777 81
1745387067222 0.6928271711691469 82
1745387067223 0.6928240731026978 83
1745387067224 0.6928202592822165 84
1745387067225 0.6928181456523389 85
1745387067226 0.6928154988945275 86
1745387067226 0.6928120534390956 87
1745387067227 0.6928095294572413 88
1745387067228 0.69280575134404 89
1745387067229 0.6928012185910344 90
1745387067230 0.6927966032873839 91
1745387067230 0.6927920346281677 92
1745387067231 0.6927901020734757 93
1745387067232 0.6927839755455405 94
1745387067233 0.6927801364760846 95
1745387067234 0.692777626793161 96
1745387067234 0.6927730253282934 97
1745387067235 0.6927699851364643 98
1745387067236 0.6927661719220132 99
