1745387067482 0.4999980041504678 0
1745387067483 0.4999962568536174 1
1745387067484 0.4999943449977066 2
1745387067485 0.4999919928669724 3
1745387067486 0.49998981580605156 4
1745387067486 0.4999879564728937 5
1745387067487 0.49998529598126956 6
1745387067488 0.49998220924253467 7
1745387067489 0.49998033545344145 8
1745387067490 0.4999784876641753 9
1745387067490 0.49997637983061943 10
1745387067491 0.49997478627095726 11
1745387067492 0.4999727556753081 12
1745387067493 0.4999698609675975 13
1745387067493 0.49996783204221734 14
1745387067494 0.49996529556426 15
1745387067495 0.4999637604947882 16
1745387067496 0.49996215765753355 17
1745387067496 0.4999603882211812 18
1745387067497 0.4999576904542346 19
1745387067498 0.4999556419213708 20
1745387067499 0.499953423063711 21
1745387067500 0.4999514881163956 22
1745387067500 0.499949811225196 23
1745387067501 0.49994716852008286 24
1745387067502 0.49994486328406557 25
1745387067503 0.4999426661460169 26
1745387067503 0.4999405304400753 27
1745387067504 0.49993934216181096 28
1745387067505 0.49993780280440975 29
1745387067506 0.4999352710416314 30
1745387067507 0.4999332692607089 31
1745387067507 0.4999305408708907 32
1745387067508 0.49992930641068656 33
1745387067509 0.4999266147183918 34
1745387067510 0.499924263465528 35
1745387067510 0.49992222094287264 36
1745387067511 0.49992017360039454 37
1745387067512 0.49991804907277115 38
1745387067513 0.49991689273785955 39
1745387067513 0.4999151349767613 40
1745387067514 0.49991325217443877 41
1745387067515 0.4999119052438874 42
1745387067516 0.499910439107895 43
1745387067516 0.4999085037296059 44
1745387067517 0.49990673741164604 45
1745387067518 0.49990474125383527 46
1745387067519 0.49990240588734575 47
1745387067519 0.49990134225015836 48
1745387067520 0.49990004665426757 49
1745387067521 0.4998981813856829 50
1745387067522 0.499895528107749 51
1745387067523 0.4998934668031132 52
1745387067524 0.49989151988166836 53
1745387067524 0.4998890880984429 54
1745387067525 0.499887612140769 55
1745387067526 0.49988614844280144 56
1745387067527 0.49988493840274234 57
1745387067528 0.4998835129292887 58
1745387067528 0.4998813965751027 59
1745387067529 0.4998799755892404 60
1745387067530 0.49987798705556913 61
1745387067531 0.49987562291165716 62
1745387067531 0.4998741334979217 63
1745387067532 0.49987220039648506 64
1745387067533 0.4998698243032771 65
1745387067534 0.49986821189962416 66
1745387067534 0.49986697588444917 67
1745387067535 0.4998657251488406 68
1745387067536 0.49986387867678145 69
1745387067537 0.49986243567380123 70
1745387067537 0.4998607123147056 71
1745387067538 0.4998590591846368 72
1745387067539 0.4998578928729612 73
1745387067540 0.49985577090178374 74
1745387067540 0.4998538666677067 75
1745387067541 0.4998519067521328 76
1745387067542 0.49985117526956524 77
1745387067542 0.4998493630493219 78
1745387067543 0.4998474761230234 79
1745387067544 0.49984541408973043 80
1745387067545 0.49984294256037864 81
1745387067545 0.49984008477826714 82
1745387067546 0.49983853883503415 83
1745387067547 0.4998366322787769 84
1745387067548 0.4998355755158965 85
1745387067549 0.499834253036943 86
1745387067550 0.4998325306597523 87
1745387067551 0.49983127054537535 88
1745387067551 0.49982938215812156 89
1745387067552 0.4998271163991377 90
1745387067553 0.4998248090110738 91
1745387067554 0.49982252466060323 92
1745387067555 0.49982155969626163 93
1745387067555 0.49981849701544745 94
1745387067556 0.49981657705000887 95
1745387067557 0.49981532283836305 96
1745387067558 0.4998130219599235 97
1745387067558 0.49981150302207134 98
1745387067559 0.4998095988416541 99
