1745378853319 0.4981675 0
1745378853320 0.4978 1
1745378853321 0.49698125 2
1745378853322 0.49668375 3
1745378853324 0.49639 4
1745378853325 0.49597875 5
1745378853326 0.49533375 6
1745378853327 0.4949725 7
1745378853328 0.494715 8
1745378853329 0.4943175 9
1745378853330 0.49408 10
1745378853331 0.4935225 11
1745378853331 0.49306625 12
1745378853332 0.49247625 13
1745378853333 0.4922175 14
1745378853334 0.492075 15
1745378853335 0.49190625 16
1745378853335 0.4918375 17
1745378853336 0.49163375 18
1745378853337 0.49135625 19
1745378853337 0.49127625 20
1745378853338 0.4910075 21
1745378853339 0.49074 22
1745378853340 0.49027375 23
1745378853340 0.49006875 24
1745378853341 0.48976625 25
1745378853342 0.48956 26
1745378853343 0.4894475 27
1745378853344 0.48939375 28
1745378853344 0.48927625 29
1745378853345 0.48917375 30
1745378853346 0.4889575 31
1745378853346 0.48838125 32
1745378853348 0.48848875 33
1745378853348 0.48844625 34
1745378853349 0.48852 35
1745378853350 0.4883275 36
1745378853351 0.4876575 37
1745378853352 0.487685 38
1745378853353 0.48768125 39
1745378853354 0.48772125 40
1745378853356 0.4876725 41
1745378853357 0.48752375 42
1745378853357 0.48710875 43
1745378853358 0.4868125 44
1745378853359 0.48670875 45
1745378853360 0.48672875 46
1745378853360 0.48653375 47
1745378853362 0.48609875 48
1745378853363 0.486125 49
1745378853364 0.48608375 50
1745378853364 0.48595625 51
1745378853365 0.4858825 52
1745378853366 0.48569625 53
1745378853367 0.4857425 54
1745378853368 0.48559 55
1745378853368 0.48554625 56
1745378853369 0.4852225 57
1745378853370 0.48510875 58
1745378853371 0.4849775 59
1745378853371 0.48482125 60
1745378853372 0.48483 61
1745378853373 0.4847825 62
1745378853374 0.4847825 63
1745378853375 0.48437625 64
1745378853376 0.48399875 65
1745378853377 0.48383375 66
1745378853379 0.48359875 67
1745378853380 0.48337125 68
1745378853381 0.48331625 69
1745378853382 0.48325625 70
1745378853382 0.48303875 71
1745378853383 0.48306875 72
1745378853384 0.48304125 73
1745378853385 0.48289375 74
1745378853385 0.48284125 75
1745378853386 0.48268625 76
1745378853387 0.48252 77
1745378853388 0.48238625 78
1745378853388 0.4825225 79
1745378853389 0.482265 80
1745378853390 0.48204125 81
1745378853391 0.48195625 82
1745378853391 0.4816825 83
1745378853392 0.48147125 84
1745378853393 0.48144125 85
1745378853393 0.4812275 86
1745378853394 0.48107 87
1745378853395 0.481015 88
1745378853396 0.481145 89
1745378853396 0.480925 90
1745378853398 0.48073875 91
1745378853399 0.480545 92
1745378853400 0.4805025 93
1745378853400 0.48064125 94
1745378853402 0.4804975 95
1745378853403 0.4803 96
1745378853403 0.480285 97
1745378853404 0.48015875 98
1745378853405 0.47988125 99
