1745378853482 0.49999372091128086 0
1745378853483 0.49998775772083054 1
1745378853484 0.49998029176565173 2
1745378853484 0.49997515184456365 3
1745378853485 0.4999713775454857 4
1745378853486 0.4999630589388374 5
1745378853487 0.49995752939844135 6
1745378853487 0.4999517857476739 7
1745378853488 0.4999469041803605 8
1745378853489 0.4999393090044452 9
1745378853490 0.49993353938615714 10
1745378853490 0.49992489343033714 11
1745378853491 0.4999170286666055 12
1745378853492 0.49990879460815413 13
1745378853492 0.4999027810862667 14
1745378853493 0.4998976209418994 15
1745378853494 0.49989366960774306 16
1745378853495 0.49988873278075185 17
1745378853496 0.49988158200676597 18
1745378853497 0.4998756437043866 19
1745378853498 0.4998694262901745 20
1745378853498 0.49986212599186386 21
1745378853499 0.49985458909668745 22
1745378853500 0.4998484293631488 23
1745378853500 0.4998405748798248 24
1745378853501 0.4998326747690171 25
1745378853502 0.49982873736671835 26
1745378853502 0.49982559216562816 27
1745378853503 0.4998205671080235 28
1745378853504 0.49981658016211256 29
1745378853504 0.4998119254046463 30
1745378853505 0.49980450265017495 31
1745378853506 0.49979856081511626 32
1745378853507 0.4997929285672467 33
1745378853507 0.4997875694152877 34
1745378853508 0.4997859202657731 35
1745378853509 0.4997816024160286 36
1745378853509 0.49977357814809176 37
1745378853510 0.4997689987301711 38
1745378853511 0.49976473444054387 39
1745378853512 0.499762199068656 40
1745378853512 0.49975769257157066 41
1745378853513 0.4997514448117903 42
1745378853514 0.4997451701595612 43
1745378853514 0.49973809432190475 44
1745378853515 0.4997337181270763 45
1745378853516 0.4997311020545017 46
1745378853516 0.49972373867011893 47
1745378853517 0.4997159054507647 48
1745378853518 0.49971056020655724 49
1745378853519 0.4997080424045451 50
1745378853520 0.4997038514218975 51
1745378853520 0.49969975966760033 52
1745378853521 0.4996929665224856 53
1745378853522 0.49968717910947597 54
1745378853523 0.49968104751978454 55
1745378853523 0.4996775729581032 56
1745378853524 0.499671860010576 57
1745378853525 0.4996670643789336 58
1745378853525 0.4996602312569634 59
1745378853526 0.49965400332075655 60
1745378853527 0.499650416025956 61
1745378853527 0.49964379330044395 62
1745378853528 0.4996381902932277 63
1745378853529 0.499631538643232 64
1745378853530 0.499627292348059 65
1745378853530 0.4996216756246648 66
1745378853531 0.49961713451807427 67
1745378853532 0.4996108842637449 68
1745378853532 0.4996067236230389 69
1745378853533 0.4996018358630441 70
1745378853534 0.4995952984609244 71
1745378853535 0.4995902426022755 72
1745378853535 0.4995866915635281 73
1745378853536 0.49958156905289297 74
1745378853537 0.4995786453236041 75
1745378853537 0.4995727522682558 76
1745378853538 0.4995659217369572 77
1745378853539 0.49956085608044193 78
1745378853539 0.4995554811166286 79
1745378853540 0.499550366955721 80
1745378853541 0.49954227325021233 81
1745378853542 0.4995383236283963 82
1745378853542 0.4995344058103153 83
1745378853543 0.4995287386540085 84
1745378853544 0.49952336932424196 85
1745378853544 0.49951850635310985 86
1745378853545 0.4995143383325899 87
1745378853546 0.4995092520311236 88
1745378853546 0.49950551768737916 89
1745378853547 0.499499645802092 90
1745378853548 0.4994945269879786 91
1745378853548 0.4994902568231968 92
1745378853549 0.4994850456179668 93
1745378853550 0.49948243106948165 94
1745378853551 0.49947664350686277 95
1745378853551 0.49947171160970116 96
1745378853552 0.4994677505009054 97
1745378853553 0.4994614649838351 98
1745378853553 0.4994566322311316 99
