1745378853627 0.49999332884494213 0
1745378853627 0.49998683981802317 1
1745378853628 0.49997871688619255 2
1745378853629 0.49997294752087446 3
1745378853629 0.499968759233132 4
1745378853630 0.49995913212988524 5
1745378853631 0.4999526819628477 6
1745378853632 0.49994631244376303 7
1745378853632 0.4999405049969256 8
1745378853633 0.49993207597330214 9
1745378853634 0.499925470357649 10
1745378853634 0.4999158943340555 11
1745378853635 0.49990706709753724 12
1745378853636 0.4998981544779614 13
1745378853636 0.4998912811196595 14
1745378853637 0.4998850925475359 15
1745378853638 0.4998803570996225 16
1745378853638 0.49987484768439083 17
1745378853639 0.499866846129857 18
1745378853640 0.4998604148693383 19
1745378853641 0.49985284083720294 20
1745378853641 0.49984482052680107 21
1745378853642 0.499835932652019 22
1745378853643 0.49982897147476674 23
1745378853643 0.49982001402154563 24
1745378853644 0.49981135271590205 25
1745378853645 0.499806962704137 26
1745378853645 0.4998029283627123 27
1745378853646 0.499797054143846 28
1745378853647 0.49979268921460956 29
1745378853647 0.49978743991862984 30
1745378853648 0.4997790617790446 31
1745378853649 0.49977270397316664 32
1745378853650 0.49976610311765224 33
1745378853650 0.49975969114623964 34
1745378853651 0.49975745737601074 35
1745378853652 0.4997526657648757 36
1745378853653 0.49974339828375725 37
1745378853655 0.49973827551417055 38
1745378853656 0.49973335837733 39
1745378853656 0.4997300677423552 40
1745378853657 0.4997249116116762 41
1745378853658 0.4997176096335426 42
1745378853659 0.49971041318733245 43
1745378853660 0.49970269340470436 44
1745378853661 0.4996976161081344 45
1745378853662 0.4996942520485073 46
1745378853662 0.49968589265111835 47
1745378853663 0.49967733316995205 48
1745378853664 0.4996708090171963 49
1745378853664 0.499667617774196 50
1745378853665 0.4996622998699546 51
1745378853672 0.4996572330026329 52
1745378853673 0.4996496322702244 53
1745378853674 0.49964280436083675 54
1745378853674 0.49963629481241106 55
1745378853675 0.49963234130878004 56
1745378853676 0.49962584764834495 57
1745378853676 0.49962033255025745 58
1745378853677 0.4996123894517124 59
1745378853678 0.4996051374184713 60
1745378853679 0.49960080534111706 61
1745378853679 0.4995933482418582 62
1745378853680 0.49958647395733746 63
1745378853681 0.4995785603035614 64
1745378853682 0.49957358446165917 65
1745378853682 0.4995668021522835 66
1745378853683 0.49956157870102674 67
1745378853684 0.4995544242802635 68
1745378853684 0.4995494590651616 69
1745378853685 0.49954397007416934 70
1745378853686 0.4995365112449229 71
1745378853686 0.4995299841348082 72
1745378853687 0.499525710121654 73
1745378853688 0.49951964530184867 74
1745378853688 0.4995160283948481 75
1745378853689 0.4995092884969339 76
1745378853690 0.49950155260667206 77
1745378853691 0.4994956840077043 78
1745378853691 0.4994888364852592 79
1745378853692 0.49948261225204915 80
1745378853693 0.49947348802711816 81
1745378853693 0.4994690304788202 82
1745378853694 0.499464110333845 83
1745378853695 0.49945729244533926 84
1745378853695 0.4994508688312024 85
1745378853696 0.499445035931319 86
1745378853697 0.4994398076190054 87
1745378853698 0.49943380513262003 88
1745378853698 0.4994295448600501 89
1745378853699 0.49942268986701965 90
1745378853700 0.49941699373409154 91
1745378853700 0.49941162381671367 92
1745378853701 0.4994053484380618 93
1745378853702 0.49940201967518777 94
1745378853702 0.4993945232122764 95
1745378853703 0.4993885543587804 96
1745378853704 0.4993839072016254 97
1745378853704 0.499376526686959 98
1745378853705 0.499371090375334 99
