1745378853779 0.5025134819487057 0
1745378853779 0.5040819496198142 1
1745378853780 0.5050049176644797 2
1745378853781 0.5056363907921354 3
1745378853782 0.5060631054794701 4
1745378853782 0.5066606368859438 5
1745378853783 0.5079058474639413 6
1745378853784 0.5082450999314377 7
1745378853784 0.5088192381002944 8
1745378853785 0.5098664520146151 9
1745378853786 0.5103614233924869 10
1745378853787 0.510975313277734 11
1745378853787 0.5115104884891938 12
1745378853788 0.5127004413031174 13
1745378853789 0.5132787442145851 14
1745378853789 0.513319456334316 15
1745378853790 0.5135438908774499 16
1745378853791 0.5136889495851217 17
1745378853791 0.5140322624979913 18
1745378853792 0.514472230212673 19
1745378853793 0.5145524571104702 20
1745378853794 0.5151385901835478 21
1745378853794 0.5154337043850215 22
1745378853795 0.5157033500510347 23
1745378853796 0.5162554080118416 24
1745378853796 0.5167070486452493 25
1745378853797 0.5170101973059186 26
1745378853798 0.5170442685869261 27
1745378853798 0.5172693455697945 28
1745378853799 0.5175818750130922 29
1745378853800 0.5178151699651695 30
1745378853800 0.5182425641111176 31
1745378853801 0.5187516991788789 32
1745378853802 0.518951249294834 33
1745378853803 0.5191652245359631 34
1745378853803 0.5192070517470726 35
1745378853804 0.5196093169431164 36
1745378853805 0.5198760241739092 37
1745378853805 0.5199854384232265 38
1745378853806 0.5201437308800534 39
1745378853807 0.5201673610403693 40
1745378853808 0.5203202537627897 41
1745378853808 0.5205232989127764 42
1745378853809 0.5209603470454282 43
1745378853810 0.5214485156652634 44
1745378853810 0.521569095734668 45
1745378853811 0.5215867198272186 46
1745378853812 0.5219973479429756 47
1745378853812 0.522534865037581 48
1745378853813 0.5226661869849732 49
1745378853814 0.5227052352332918 50
1745378853814 0.5227764880592501 51
1745378853815 0.5229107313730537 52
1745378853816 0.5232813178651619 53
1745378853816 0.5234620304218458 54
1745378853817 0.5239353452150161 55
1745378853818 0.5240797261015803 56
1745378853819 0.5243307763029144 57
1745378853820 0.5245419128497948 58
1745378853820 0.5247706584422984 59
1745378853821 0.5249232448042782 60
1745378853822 0.5249830372091246 61
1745378853822 0.525226739813027 62
1745378853823 0.5253628964709856 63
1745378853824 0.5256944349366509 64
1745378853824 0.5259030448528682 65
1745378853825 0.5261085666677193 66
1745378853826 0.5263323834930795 67
1745378853826 0.5266639214774933 68
1745378853827 0.5267976324550702 69
1745378853828 0.5269476865019919 70
1745378853829 0.5273276980050073 71
1745378853829 0.5274698766807868 72
1745378853830 0.5275924743759592 73
1745378853831 0.5277269276529929 74
1745378853831 0.5277382279985481 75
1745378853832 0.527969825397846 76
1745378853833 0.5282413640016933 77
1745378853833 0.5283666520280983 78
1745378853834 0.5284040415175223 79
1745378853835 0.5286039933317497 80
1745378853835 0.5290123038363205 81
1745378853836 0.5290906791495524 82
1745378853837 0.5291880025880653 83
1745378853838 0.5294078602527797 84
1745378853838 0.529534366833423 85
1745378853839 0.529740260908944 86
1745378853840 0.5297680588462564 87
1745378853840 0.5298722588524375 88
1745378853841 0.5299404298645517 89
1745378853842 0.5301719998731292 90
1745378853842 0.5304631480608082 91
1745378853843 0.5305685269617146 92
1745378853844 0.5306896241110428 93
1745378853845 0.5306850857858825 94
1745378853845 0.5308500237064487 95
1745378853846 0.5310079685964416 96
1745378853847 0.5311114313031832 97
1745378853848 0.5313073139876322 98
1745378853848 0.5316152301023838 99
