1745378853161 0.6931346171271056 0
1745378853162 0.6931226711358875 1
1745378853162 0.6931077235742659 2
1745378853163 0.6930974381997437 3
1745378853164 0.6930898715201765 4
1745378853164 0.6930732233903557 5
1745378853165 0.6930620911197737 6
1745378853166 0.6930506066148355 7
1745378853167 0.693040790307708 8
1745378853167 0.6930255375324935 9
1745378853168 0.6930139349530637 10
1745378853169 0.6929966349436343 11
1745378853169 0.6929808939284832 12
1745378853170 0.69296442320887 13
1745378853171 0.6929523265973851 14
1745378853172 0.6929419944069907 15
1745378853172 0.6929339537891 16
1745378853173 0.6929240652523935 17
1745378853174 0.692909746492207 18
1745378853174 0.6928978608791531 19
1745378853175 0.6928853919623792 20
1745378853176 0.6928707671933622 21
1745378853176 0.6928556616041809 22
1745378853177 0.6928433338090032 23
1745378853178 0.6928276145179942 24
1745378853179 0.6928118031437323 25
1745378853179 0.6928039167303964 26
1745378853180 0.6927975405665114 27
1745378853181 0.6927874668153375 28
1745378853181 0.692779465938583 29
1745378853182 0.6927700767286122 30
1745378853183 0.692755215157047 31
1745378853183 0.692743331980668 32
1745378853184 0.6927320465952158 33
1745378853185 0.6927213241463527 34
1745378853186 0.6927179082713648 35
1745378853186 0.6927092672253028 36
1745378853187 0.6926932109842077 37
1745378853188 0.6926840256707371 38
1745378853189 0.6926754706570506 39
1745378853189 0.6926702947781235 40
1745378853190 0.6926612450840324 41
1745378853191 0.6926487424813583 42
1745378853192 0.692636191036962 43
1745378853193 0.6926220373343304 44
1745378853193 0.6926132661350817 45
1745378853194 0.6926079840636998 46
1745378853195 0.6925932427931577 47
1745378853196 0.6925775626385584 48
1745378853197 0.6925668344639614 49
1745378853197 0.692561748190783 50
1745378853198 0.6925533423520998 51
1745378853199 0.6925450909338147 52
1745378853199 0.6925315004106983 53
1745378853200 0.6925198991756514 54
1745378853201 0.6925076332340017 55
1745378853202 0.6925006638604403 56
1745378853202 0.6924892415750772 57
1745378853203 0.6924796158286557 58
1745378853204 0.6924659210785106 59
1745378853205 0.6924534543643892 60
1745378853205 0.6924462203663215 61
1745378853206 0.6924329631412401 62
1745378853207 0.6924217181876116 63
1745378853207 0.6924083846659027 64
1745378853208 0.6923998600054905 65
1745378853209 0.6923886068868265 66
1745378853210 0.6923794925750048 67
1745378853210 0.6923669921783917 68
1745378853211 0.6923586104348675 69
1745378853212 0.6923488163536974 70
1745378853213 0.6923357160315103 71
1745378853213 0.6923255373038165 72
1745378853214 0.6923183768838271 73
1745378853215 0.6923080893128551 74
1745378853215 0.6923022103213892 75
1745378853216 0.6922904204292409 76
1745378853217 0.6922767500576377 77
1745378853218 0.6922665932401083 78
1745378853218 0.692255809099786 79
1745378853219 0.6922455366409012 80
1745378853220 0.692229348946102 81
1745378853221 0.692221407545004 82
1745378853221 0.6922135306423157 83
1745378853222 0.6922021452573315 84
1745378853223 0.6921913967776485 85
1745378853223 0.6921816459377855 86
1745378853224 0.6921732927611284 87
1745378853225 0.6921631172074564 88
1745378853226 0.6921556217606738 89
1745378853226 0.6921438568009809 90
1745378853227 0.6921336080281809 91
1745378853228 0.6921250345268101 92
1745378853228 0.6921145463521406 93
1745378853229 0.6921092752431147 94
1745378853230 0.6920976475163736 95
1745378853231 0.6920877746200376 96
1745378853231 0.6920798156942614 97
1745378853232 0.6920672218542546 98
1745378853233 0.6920575474954582 99
