1745378740709 0.49999808922661443 0
1745378740710 0.49999572461736685 1
1745378740711 0.4999931463865416 2
1745378740712 0.4999915554322029 3
1745378740712 0.4999904251615908 4
1745378740713 0.49998795152689285 5
1745378740714 0.4999862246306854 6
1745378740715 0.4999839035568371 7
1745378740715 0.49998234344382464 8
1745378740716 0.49998056696644905 9
1745378740717 0.4999791487056504 10
1745378740718 0.49997723567569763 11
1745378740718 0.4999758279947172 12
1745378740719 0.4999736305644053 13
1745378740720 0.4999719805450422 14
1745378740721 0.4999700956851589 15
1745378740721 0.49996915603324343 16
1745378740722 0.49996701566349244 17
1745378740723 0.4999655540799278 18
1745378740724 0.49996387808650694 19
1745378740724 0.49996236839160646 20
1745378740725 0.49996023164077036 21
1745378740726 0.4999589089702966 22
1745378740726 0.4999569819817107 23
1745378740727 0.4999550235209197 24
1745378740728 0.49995307208143547 25
1745378740729 0.4999517543515496 26
1745378740729 0.49995087916698805 27
1745378740730 0.49994957062707646 28
1745378740731 0.49994824735340493 29
1745378740731 0.49994714274192575 30
1745378740732 0.49994536742289825 31
1745378740733 0.49994283712213583 32
1745378740734 0.4999412233827301 33
1745378740734 0.49993939026271567 34
1745378740735 0.49993880597672413 35
1745378740736 0.4999370419736071 36
1745378740737 0.49993584442506117 37
1745378740737 0.49993440809764256 38
1745378740738 0.49993272444017556 39
1745378740739 0.4999313852234435 40
1745378740739 0.49992957691821605 41
1745378740740 0.4999282582933621 42
1745378740741 0.499925589169396 43
1745378740742 0.4999243873089164 44
1745378740743 0.49992248260385597 45
1745378740744 0.49992073582043306 46
1745378740744 0.49991869575722947 47
1745378740745 0.49991711337069616 48
1745378740746 0.49991558789396295 49
1745378740747 0.4999149764580629 50
1745378740747 0.4999138832681276 51
1745378740748 0.4999130289797965 52
1745378740749 0.49991043484139397 53
1745378740750 0.499908571061951 54
1745378740750 0.49990702376299745 55
1745378740751 0.4999052957501564 56
1745378740752 0.499904297806812 57
1745378740753 0.49990324700819416 58
1745378740753 0.49990147027281984 59
1745378740754 0.499900238167501 60
1745378740755 0.4998986130308796 61
1745378740756 0.4998978577968848 62
1745378740756 0.4998961979249032 63
1745378740757 0.4998946957020015 64
1745378740758 0.49989397937211283 65
1745378740758 0.49989254061697597 66
1745378740759 0.4998915898210673 67
1745378740760 0.4998895218667409 68
1745378740761 0.4998884026360696 69
1745378740761 0.4998864594209538 70
1745378740762 0.4998852032297196 71
1745378740763 0.4998847602587715 72
1745378740763 0.49988403336092296 73
1745378740764 0.4998824052148687 74
1745378740765 0.499881611429203 75
1745378740766 0.4998806403547531 76
1745378740766 0.49987950706124534 77
1745378740767 0.499878295843994 78
1745378740768 0.4998769606688752 79
1745378740769 0.49987577179022624 80
1745378740770 0.49987425712206557 81
1745378740770 0.4998729630282925 82
1745378740771 0.4998715589788492 83
1745378740772 0.49987072020970214 84
1745378740773 0.49987003087889653 85
1745378740773 0.49986839893577345 86
1745378740774 0.49986627951265433 87
1745378740775 0.4998651378018875 88
1745378740775 0.4998642673708426 89
1745378740776 0.4998630856280532 90
1745378740777 0.4998621310123551 91
1745378740778 0.49986029615421235 92
1745378740778 0.49985898952860197 93
1745378740779 0.4998583678499122 94
1745378740780 0.49985706411321423 95
1745378740781 0.499855759676686 96
1745378740782 0.49985465950988245 97
1745378740783 0.499853388148045 98
1745378740783 0.49985214761481783 99
