1745378740410 0.6931433484110237 0
1745378740411 0.6931386309017241 1
1745378740411 0.6931334593287111 2
1745378740412 0.6931302606036513 3
1745378740413 0.6931279949624837 4
1745378740414 0.6931230382228643 5
1745378740414 0.6931195327543095 6
1745378740415 0.693114902529642 7
1745378740416 0.693111749423407 8
1745378740417 0.6931081872276962 9
1745378740417 0.6931053253525123 10
1745378740418 0.6931014986865968 11
1745378740419 0.6930986822333932 12
1745378740420 0.6930942909082398 13
1745378740420 0.6930909186516702 14
1745378740421 0.6930871510346607 15
1745378740422 0.6930851831375062 16
1745378740423 0.6930808985347301 17
1745378740423 0.6930779767654092 18
1745378740424 0.6930746166570857 19
1745378740425 0.6930715902855993 20
1745378740425 0.6930673063113167 21
1745378740426 0.693064662576057 22
1745378740427 0.6930608054179326 23
1745378740428 0.6930568920474499 24
1745378740428 0.6930529870618507 25
1745378740429 0.6930503516815603 26
1745378740430 0.6930485628109053 27
1745378740431 0.6930459460620955 28
1745378740432 0.6930433020092547 29
1745378740432 0.6930410621289537 30
1745378740433 0.6930375091659278 31
1745378740434 0.6930324484562501 32
1745378740435 0.6930292249942943 33
1745378740435 0.6930255586147681 34
1745378740436 0.6930243402518704 35
1745378740437 0.693020811652653 36
1745378740437 0.693018394402042 37
1745378740438 0.6930155204506219 38
1745378740439 0.6930121459241212 39
1745378740440 0.6930094700782001 40
1745378740440 0.6930058544220775 41
1745378740441 0.6930032171029971 42
1745378740442 0.6929978800900654 43
1745378740443 0.6929954719434306 44
1745378740443 0.6929916624642909 45
1745378740444 0.6929881726843491 46
1745378740445 0.6929840890755132 47
1745378740445 0.6929809248383343 48
1745378740446 0.692977870326452 49
1745378740447 0.692976617972143 50
1745378740448 0.6929744286534563 51
1745378740448 0.6929726733567193 52
1745378740449 0.6929674830080196 53
1745378740450 0.6929637549005448 54
1745378740451 0.6929606565286591 55
1745378740451 0.6929571948938071 56
1745378740452 0.6929551925316826 57
1745378740453 0.6929530781041459 58
1745378740454 0.6929495251987502 59
1745378740454 0.6929470539505407 60
1745378740455 0.692943796116747 61
1745378740456 0.6929422878394649 62
1745378740456 0.6929389667691663 63
1745378740457 0.6929359617184102 64
1745378740458 0.6929345271294937 65
1745378740459 0.6929316479894518 66
1745378740459 0.6929297350387648 67
1745378740460 0.6929255978744477 68
1745378740461 0.692923370513469 69
1745378740462 0.6929194798951969 70
1745378740462 0.6929169634386897 71
1745378740463 0.69291600953158 72
1745378740464 0.6929145440956578 73
1745378740464 0.6929112868534401 74
1745378740465 0.6929096924476698 75
1745378740466 0.6929077490166202 76
1745378740467 0.6929054812298343 77
1745378740468 0.6929030577940122 78
1745378740468 0.6929003834928572 79
1745378740469 0.69289800793536 80
1745378740470 0.6928949785685167 81
1745378740471 0.6928923848598822 82
1745378740471 0.6928895773752406 83
1745378740472 0.692887878556326 84
1745378740473 0.6928864952288195 85
1745378740474 0.6928832260739803 86
1745378740474 0.6928789881602675 87
1745378740475 0.6928767036151141 88
1745378740476 0.6928749584114179 89
1745378740477 0.6928725958676264 90
1745378740477 0.6928706810525804 91
1745378740478 0.6928670010960847 92
1745378740479 0.6928643805275857 93
1745378740480 0.6928631430295855 94
1745378740480 0.6928605352873728 95
1745378740481 0.6928579248966649 96
1745378740482 0.6928557280001789 97
1745378740483 0.6928531860301271 98
1745378740483 0.6928507050914318 99
