1745378741011 0.5012943132112876 0
1745378741012 0.5021173619771614 1
1745378741013 0.5034005388684643 2
1745378741013 0.5036761732428077 3
1745378741014 0.5036850562424547 4
1745378741015 0.5038208848367721 5
1745378741015 0.50445017069432 6
1745378741016 0.5048426803376819 7
1745378741017 0.5049719369591404 8
1745378741018 0.5052527284607965 9
1745378741018 0.5053401514273732 10
1745378741019 0.5057356310373152 11
1745378741020 0.5058767207030569 12
1745378741020 0.5062501611769669 13
1745378741021 0.5062502596929345 14
1745378741022 0.5062812177318635 15
1745378741022 0.5064611942703624 16
1745378741023 0.5065809021304833 17
1745378741024 0.5068939720069108 18
1745378741024 0.5069242942905036 19
1745378741025 0.5068762542359094 20
1745378741026 0.5072644774893622 21
1745378741027 0.5072511098866167 22
1745378741027 0.5075915234581517 23
1745378741028 0.5080063734917184 24
1745378741029 0.50832411501252 25
1745378741029 0.5086021630265085 26
1745378741030 0.5085381119505994 27
1745378741031 0.508852942798777 28
1745378741031 0.5090831853589874 29
1745378741032 0.509216921267901 30
1745378741033 0.509290366782736 31
1745378741033 0.5095695883414314 32
1745378741034 0.5096518125555507 33
1745378741035 0.5098527534013432 34
1745378741036 0.5098732279163082 35
1745378741036 0.5100951915008475 36
1745378741037 0.5100862433197236 37
1745378741038 0.5101411621857438 38
1745378741038 0.510263507680039 39
1745378741039 0.5104093465685494 40
1745378741040 0.510708484649644 41
1745378741040 0.5107855749740315 42
1745378741041 0.5111557120208264 43
1745378741042 0.5112101740821328 44
1745378741043 0.5114412105294794 45
1745378741043 0.5116598437649351 46
1745378741044 0.5117610356481532 47
1745378741045 0.5119812442484633 48
1745378741045 0.5121318363035063 49
1745378741046 0.5121088029140161 50
1745378741047 0.5121014205883386 51
1745378741047 0.5121508347602123 52
1745378741048 0.5124370730120633 53
1745378741049 0.512625945990881 54
1745378741050 0.5126947933709727 55
1745378741050 0.512771602747508 56
1745378741051 0.5128188698244135 57
1745378741052 0.5128753563740114 58
1745378741052 0.5129184054424958 59
1745378741053 0.5129222789559688 60
1745378741054 0.5129501973937003 61
1745378741054 0.5129959688372787 62
1745378741055 0.5131146669345124 63
1745378741056 0.5132156683826932 64
1745378741057 0.5132172138474437 65
1745378741057 0.513204309661935 66
1745378741058 0.5131917520338817 67
1745378741059 0.5134076506598257 68
1745378741060 0.5134839278345099 69
1745378741061 0.5135689691709278 70
1745378741061 0.5137384097665303 71
1745378741062 0.5137571666848961 72
1745378741063 0.5137890893115552 73
1745378741064 0.5138285730426385 74
1745378741065 0.5137822413096113 75
1745378741065 0.5137998318957953 76
1745378741067 0.5138655869807562 77
1745378741067 0.5139573221060817 78
1745378741068 0.5139901369889692 79
1745378741069 0.5140247788750865 80
1745378741069 0.5141444005130325 81
1745378741070 0.5141836380651346 82
1745378741071 0.5142667542698564 83
1745378741071 0.5142867645863317 84
1745378741072 0.5143951727915249 85
1745378741073 0.5145074595883337 86
1745378741073 0.5147257507944746 87
1745378741074 0.5148061559710169 88
1745378741075 0.5148732185324005 89
1745378741076 0.5148431671622501 90
1745378741076 0.5149288101101356 91
1745378741077 0.5150007190883762 92
1745378741078 0.5150606279530027 93
1745378741078 0.5150815937103013 94
1745378741079 0.5151387734029351 95
1745378741080 0.5152612118663037 96
1745378741080 0.515376211435048 97
1745378741081 0.5154338093228864 98
1745378741082 0.5155307221943463 99
