1745378740860 0.4999979894576967 0
1745378740860 0.4999954129518941 1
1745378740861 0.49999261246189475 2
1745378740862 0.49999080498527737 3
1745378740862 0.4999894512731582 4
1745378740863 0.4999864516711235 5
1745378740864 0.4999842634570599 6
1745378740865 0.4999817896951735 7
1745378740866 0.49997978211835026 8
1745378740866 0.499977867269963 9
1745378740867 0.4999760621468723 10
1745378740868 0.4999740004161745 11
1745378740868 0.4999723759400845 12
1745378740869 0.49996985320307313 13
1745378740870 0.49996773345299067 14
1745378740871 0.49996531806454064 15
1745378740871 0.49996409861516206 16
1745378740872 0.4999616485068575 17
1745378740873 0.49995994029045104 18
1745378740873 0.4999580813292414 19
1745378740874 0.49995597815096376 20
1745378740875 0.4999536057394743 21
1745378740876 0.49995184161506595 22
1745378740876 0.49994972035784274 23
1745378740877 0.49994742985200136 24
1745378740878 0.4999453391547501 25
1745378740878 0.4999438736240193 26
1745378740879 0.4999424985472858 27
1745378740880 0.49994104241527615 28
1745378740880 0.4999396948041767 29
1745378740881 0.49993849728006867 30
1745378740882 0.4999364413514733 31
1745378740883 0.4999335921611637 32
1745378740883 0.49993152367800475 33
1745378740884 0.49992922260202466 34
1745378740885 0.4999283358034119 35
1745378740886 0.49992631830882284 36
1745378740887 0.4999247333429009 37
1745378740887 0.49992325672868637 38
1745378740888 0.49992128817774356 39
1745378740889 0.4999197344026342 40
1745378740890 0.4999178095867112 41
1745378740890 0.4999161986638978 42
1745378740891 0.4999133838327601 43
1745378740892 0.49991199355978516 44
1745378740893 0.4999098805980384 45
1745378740893 0.49990772926919164 46
1745378740894 0.499905361388661 47
1745378740895 0.4999035535174981 48
1745378740895 0.49990186455842106 49
1745378740896 0.49990085219148545 50
1745378740897 0.49989937847871335 51
1745378740898 0.4998980701752007 52
1745378740898 0.4998951184797287 53
1745378740899 0.4998929801546037 54
1745378740900 0.49989125858016314 55
1745378740900 0.499889161269106 56
1745378740901 0.49988803536608817 57
1745378740902 0.49988654367808255 58
1745378740903 0.49988442178830506 59
1745378740903 0.4998828377240151 60
1745378740904 0.49988094864204524 61
1745378740905 0.4998800367240608 62
1745378740905 0.4998782726223394 63
1745378740906 0.4998762640419602 64
1745378740907 0.49987528699625283 65
1745378740907 0.4998732429181784 66
1745378740908 0.49987199266962706 67
1745378740909 0.4998695850847289 68
1745378740910 0.49986830536004156 69
1745378740910 0.4998660835497826 70
1745378740911 0.4998645763162896 71
1745378740912 0.4998638813866675 72
1745378740913 0.49986285583920775 73
1745378740914 0.49986082746062427 74
1745378740914 0.499859778527692 75
1745378740915 0.4998588149605319 76
1745378740916 0.49985728822998704 77
1745378740917 0.4998559185579047 78
1745378740917 0.4998539777271077 79
1745378740918 0.499852393351607 80
1745378740919 0.4998506200737879 81
1745378740919 0.49984921079099176 82
1745378740920 0.49984737295184284 83
1745378740921 0.4998459885852039 84
1745378740921 0.4998452430389449 85
1745378740922 0.499843209707737 86
1745378740923 0.49984086931832133 87
1745378740924 0.4998394991071895 88
1745378740924 0.4998385621710122 89
1745378740925 0.4998370388584957 90
1745378740926 0.4998360593409464 91
1745378740926 0.49983362473770976 92
1745378740927 0.4998320895446464 93
1745378740928 0.49983138156384227 94
1745378740928 0.4998298229223117 95
1745378740929 0.49982823846384883 96
1745378740930 0.49982698151253163 97
1745378740931 0.4998255491751805 98
1745378740931 0.4998241687544435 99
