1745378740557 0.498525 0
1745378740558 0.49833 1
1745378740559 0.4975725 2
1745378740560 0.4976525 3
1745378740560 0.49764125 4
1745378740561 0.497725 5
1745378740562 0.4976675 6
1745378740563 0.4973825 7
1745378740563 0.49726375 8
1745378740564 0.49713875 9
1745378740565 0.49702375 10
1745378740566 0.4970075 11
1745378740567 0.49653625 12
1745378740568 0.4961575 13
1745378740569 0.4962125 14
1745378740569 0.496175 15
1745378740570 0.49605875 16
1745378740571 0.49595875 17
1745378740572 0.4956325 18
1745378740572 0.495625 19
1745378740573 0.49561875 20
1745378740574 0.4954025 21
1745378740575 0.49544625 22
1745378740575 0.49544 23
1745378740576 0.4949225 24
1745378740577 0.49461 25
1745378740577 0.4945075 26
1745378740578 0.49461375 27
1745378740579 0.49438625 28
1745378740580 0.49419375 29
1745378740580 0.49416625 30
1745378740581 0.4939775 31
1745378740582 0.4936975 32
1745378740583 0.49389 33
1745378740584 0.493885 34
1745378740585 0.49382375 35
1745378740585 0.49362125 36
1745378740586 0.4935475 37
1745378740587 0.49325125 38
1745378740587 0.4935175 39
1745378740588 0.493445 40
1745378740589 0.49334625 41
1745378740590 0.4933875 42
1745378740590 0.49301125 43
1745378740591 0.4929925 44
1745378740592 0.492805 45
1745378740593 0.49266875 46
1745378740594 0.49248375 47
1745378740594 0.4922675 48
1745378740595 0.4919975 49
1745378740596 0.49205 50
1745378740596 0.492025 51
1745378740597 0.49202375 52
1745378740598 0.4918525 53
1745378740599 0.49183375 54
1745378740600 0.491765 55
1745378740600 0.491715 56
1745378740601 0.49170625 57
1745378740602 0.491785 58
1745378740602 0.4917275 59
1745378740603 0.49167 60
1745378740604 0.49168625 61
1745378740604 0.49162 62
1745378740605 0.4914825 63
1745378740606 0.49145625 64
1745378740607 0.49124375 65
1745378740607 0.49134375 66
1745378740608 0.4913875 67
1745378740609 0.49114625 68
1745378740610 0.49109375 69
1745378740610 0.49108875 70
1745378740611 0.491125 71
1745378740612 0.49111625 72
1745378740612 0.49109625 73
1745378740613 0.491045 74
1745378740614 0.4911175 75
1745378740615 0.49110375 76
1745378740615 0.490965 77
1745378740616 0.49103375 78
1745378740617 0.490765 79
1745378740617 0.49076125 80
1745378740618 0.49064 81
1745378740619 0.49045625 82
1745378740620 0.49081 83
1745378740621 0.49078125 84
1745378740621 0.4906475 85
1745378740622 0.49063125 86
1745378740623 0.4904025 87
1745378740624 0.49032625 88
1745378740625 0.490355 89
1745378740625 0.49026125 90
1745378740626 0.49030375 91
1745378740627 0.49040375 92
1745378740627 0.49032875 93
1745378740628 0.49016625 94
1745378740629 0.49027625 95
1745378740630 0.4902875 96
1745378740630 0.4900475 97
1745378740631 0.490095 98
1745378740632 0.49006125 99
