1745378534822 0.49797625 0
1745378534822 0.4979325 1
1745378534823 0.497915 2
1745378534824 0.49694375 3
1745378534824 0.49724 4
1745378534825 0.4968375 5
1745378534826 0.496975 6
1745378534826 0.49686375 7
1745378534827 0.49679875 8
1745378534828 0.49685375 9
1745378534828 0.4964 10
1745378534829 0.49662375 11
1745378534830 0.49656125 12
1745378534831 0.496395 13
1745378534831 0.49591875 14
1745378534832 0.49613375 15
1745378534833 0.49612375 16
1745378534833 0.49606125 17
1745378534834 0.49595625 18
1745378534835 0.49583375 19
1745378534835 0.49544375 20
1745378534836 0.495255 21
1745378534837 0.49517375 22
1745378534837 0.49510625 23
1745378534838 0.495065 24
1745378534839 0.49455375 25
1745378534840 0.494415 26
1745378534840 0.49430375 27
1745378534841 0.49429625 28
1745378534842 0.49402625 29
1745378534843 0.49394875 30
1745378534844 0.493955 31
1745378534845 0.49394125 32
1745378534845 0.493775 33
1745378534846 0.49362125 34
1745378534847 0.49347375 35
1745378534848 0.4934 36
1745378534848 0.4934025 37
1745378534849 0.4933975 38
1745378534850 0.49326875 39
1745378534851 0.49302 40
1745378534851 0.49260375 41
1745378534852 0.4923275 42
1745378534853 0.49216375 43
1745378534853 0.491965 44
1745378534854 0.49196625 45
1745378534855 0.49193625 46
1745378534855 0.49192625 47
1745378534856 0.49187375 48
1745378534857 0.49178125 49
1745378534858 0.491485 50
1745378534858 0.491395 51
1745378534859 0.49138375 52
1745378534860 0.4913125 53
1745378534860 0.4912375 54
1745378534861 0.49118625 55
1745378534862 0.49112625 56
1745378534863 0.4911275 57
1745378534863 0.49126875 58
1745378534864 0.49127125 59
1745378534865 0.49107375 60
1745378534865 0.4910075 61
1745378534866 0.491005 62
1745378534867 0.49098125 63
1745378534868 0.49080375 64
1745378534869 0.4907475 65
1745378534869 0.49075 66
1745378534870 0.49076875 67
1745378534871 0.4906925 68
1745378534871 0.4907025 69
1745378534872 0.49072625 70
1745378534873 0.49059375 71
1745378534873 0.490545 72
1745378534874 0.4904225 73
1745378534875 0.4900525 74
1745378534876 0.48999 75
1745378534876 0.4899775 76
1745378534877 0.489995 77
1745378534878 0.48989 78
1745378534878 0.48962375 79
1745378534879 0.4895475 80
1745378534880 0.48948 81
1745378534880 0.4894975 82
1745378534881 0.4892025 83
1745378534882 0.48909375 84
1745378534882 0.48907625 85
1745378534883 0.4890675 86
1745378534884 0.48906125 87
1745378534884 0.4890425 88
1745378534885 0.48866875 89
1745378534886 0.4886725 90
1745378534887 0.48853 91
1745378534887 0.48853875 92
1745378534888 0.48850625 93
1745378534889 0.488505 94
1745378534889 0.48848625 95
1745378534890 0.48836375 96
1745378534891 0.4883025 97
1745378534891 0.48832625 98
1745378534892 0.4880725 99
