1745378534674 0.6931408581025899 0
1745378534675 0.6931351160190999 1
1745378534676 0.693129858539179 2
1745378534676 0.6931239166842401 3
1745378534677 0.6931188884516061 4
1745378534678 0.6931137691929191 5
1745378534679 0.6931092954226956 6
1745378534679 0.6931055016497895 7
1745378534680 0.6931007217236236 8
1745378534681 0.6930970154745132 9
1745378534682 0.6930923073651641 10
1745378534682 0.6930881682591513 11
1745378534683 0.6930841839762032 12
1745378534684 0.6930803277331591 13
1745378534684 0.6930758343104273 14
1745378534685 0.6930722215655819 15
1745378534686 0.6930688781584426 16
1745378534686 0.6930652523530647 17
1745378534687 0.6930620128975808 18
1745378534688 0.6930555365234613 19
1745378534689 0.6930479199674725 20
1745378534690 0.6930434919633344 21
1745378534690 0.6930387277736515 22
1745378534691 0.693034231021069 23
1745378534692 0.693027297341898 24
1745378534692 0.6930197584282793 25
1745378534693 0.6930165535227396 26
1745378534694 0.6930123845034651 27
1745378534695 0.6930072546933033 28
1745378534696 0.6930009222009592 29
1745378534696 0.6929968795627356 30
1745378534697 0.692994026415702 31
1745378534698 0.6929902432237006 32
1745378534698 0.6929829589427822 33
1745378534699 0.6929759455971979 34
1745378534700 0.6929696702241525 35
1745378534700 0.6929655906584113 36
1745378534701 0.69296211672334 37
1745378534702 0.6929587013975903 38
1745378534702 0.6929523730925471 39
1745378534703 0.6929458620734513 40
1745378534704 0.6929392001447826 41
1745378534705 0.6929295324179903 42
1745378534706 0.692924012760967 43
1745378534706 0.6929181655364484 44
1745378534707 0.692915158574637 45
1745378534708 0.6929114833041095 46
1745378534708 0.6929100907662324 47
1745378534709 0.6929055813270621 48
1745378534710 0.6929001448119805 49
1745378534710 0.6928940631932765 50
1745378534711 0.6928882578078471 51
1745378534712 0.6928872405981831 52
1745378534712 0.6928841474651918 53
1745378534713 0.6928789981142804 54
1745378534714 0.6928738252066634 55
1745378534714 0.6928700497209095 56
1745378534715 0.6928673749523238 57
1745378534716 0.6928661722790077 58
1745378534717 0.6928635358995385 59
1745378534717 0.6928571185417101 60
1745378534718 0.6928496110295131 61
1745378534719 0.6928472745171748 62
1745378534720 0.6928423189998232 63
1745378534720 0.6928366569857113 64
1745378534721 0.6928303385951743 65
1745378534722 0.6928238903593458 66
1745378534722 0.6928214061618038 67
1745378534723 0.6928164996617101 68
1745378534724 0.6928150375700556 69
1745378534725 0.6928102235527709 70
1745378534725 0.6928054184466041 71
1745378534726 0.6928020164958574 72
1745378534727 0.6927973840990104 73
1745378534727 0.6927885002304242 74
1745378534728 0.6927870601910167 75
1745378534729 0.6927845945227332 76
1745378534729 0.6927823726420663 77
1745378534730 0.6927780527676083 78
1745378534731 0.6927717324665561 79
1745378534731 0.6927671285342798 80
1745378534732 0.692761014715787 81
1745378534733 0.692760579125844 82
1745378534734 0.6927557002680004 83
1745378534734 0.6927484833417833 84
1745378534735 0.6927412937986291 85
1745378534736 0.6927375355457142 86
1745378534737 0.6927347322004848 87
1745378534738 0.692733543606326 88
1745378534740 0.6927252048425563 89
1745378534741 0.6927223448209837 90
1745378534742 0.6927152504078485 91
1745378534743 0.6927095059900544 92
1745378534744 0.6927078039377927 93
1745378534745 0.6927062128827162 94
1745378534745 0.6927021681220643 95
1745378534746 0.6926970052620954 96
1745378534747 0.6926892721898854 97
1745378534748 0.6926856597209163 98
1745378534748 0.6926780999718234 99
