1745378535251 0.502448108721323 0
1745378535252 0.5030942980595399 1
1745378535253 0.5031394216164897 2
1745378535253 0.5050325017197983 3
1745378535254 0.5050954632325426 4
1745378535255 0.5051786811657433 5
1745378535255 0.5051417454435225 6
1745378535256 0.5051892334868217 7
1745378535257 0.5055968429670791 8
1745378535257 0.5056722093229703 9
1745378535258 0.5058423251959215 10
1745378535259 0.5058904322319987 11
1745378535260 0.5058503169580937 12
1745378535260 0.5060590608560269 13
1745378535261 0.5065576350839303 14
1745378535262 0.5065365628450113 15
1745378535262 0.5066203839334349 16
1745378535263 0.5067102866086366 17
1745378535264 0.5068057386343903 18
1745378535264 0.5071579389250471 19
1745378535265 0.5078725891420114 20
1745378535266 0.5079976991771722 21
1745378535266 0.508166202003888 22
1745378535267 0.5082605786509011 23
1745378535268 0.5085047341876291 24
1745378535269 0.5088923736203013 25
1745378535269 0.5091326917436817 26
1745378535270 0.5093193133146685 27
1745378535271 0.5094264330622551 28
1745378535271 0.509659596495125 29
1745378535272 0.5097331993011321 30
1745378535273 0.509766458760566 31
1745378535273 0.5097925264481104 32
1745378535274 0.5105988021650186 33
1745378535275 0.5108867262789835 34
1745378535275 0.5111686648221292 35
1745378535276 0.5113037132012328 36
1745378535277 0.5113187238440683 37
1745378535277 0.5113363400709664 38
1745378535278 0.5114909345368058 39
1745378535279 0.5120110641803087 40
1745378535280 0.5124435498033411 41
1745378535280 0.5130298918990207 42
1745378535281 0.5130446168346124 43
1745378535282 0.5131533028563968 44
1745378535282 0.5132294964776654 45
1745378535283 0.5132758514576484 46
1745378535284 0.5133112280681963 47
1745378535284 0.5134745561800381 48
1745378535285 0.5135655963935715 49
1745378535286 0.5138631412659995 50
1745378535286 0.5141010580279025 51
1745378535287 0.5141201456817938 52
1745378535288 0.5141480960633864 53
1745378535288 0.5141522804341906 54
1745378535289 0.5142508938615653 55
1745378535290 0.514275249886906 56
1745378535290 0.5143151035692761 57
1745378535291 0.5142225547786206 58
1745378535292 0.5142357822152536 59
1745378535293 0.5144427565101568 60
1745378535293 0.5147244261648672 61
1745378535294 0.5147279377708314 62
1745378535295 0.5147885607566918 63
1745378535295 0.5148614363570445 64
1745378535296 0.5150020706743272 65
1745378535297 0.5152304732781379 66
1745378535297 0.515237762662867 67
1745378535298 0.5152516502924214 68
1745378535299 0.5152382710177602 69
1745378535299 0.5152658886888207 70
1745378535300 0.5154811502250487 71
1745378535301 0.5155631307476954 72
1745378535302 0.5157390687783975 73
1745378535302 0.5162772476846799 74
1745378535303 0.5163032924002692 75
1745378535304 0.5163164368616135 76
1745378535304 0.5163459838956348 77
1745378535305 0.5165134829563592 78
1745378535306 0.5168569389759766 79
1745378535306 0.5169423137729293 80
1745378535307 0.5171517412294901 81
1745378535308 0.5171496195939856 82
1745378535308 0.5172161327565834 83
1745378535309 0.5174947672851119 84
1745378535310 0.5178220902392399 85
1745378535310 0.5178739815916046 86
1745378535311 0.5178914076147163 87
1745378535312 0.517891133551263 88
1745378535312 0.5183767723560491 89
1745378535313 0.5183505774211872 90
1745378535314 0.5185557768599169 91
1745378535314 0.5187008866427665 92
1745378535315 0.5186971488735156 93
1745378535316 0.5187005804260764 94
1745378535317 0.5187240865047108 95
1745378535317 0.5187985921326081 96
1745378535318 0.5188777972674764 97
1745378535319 0.5188942240027373 98
1745378535320 0.5191026442182947 99
