1745378535109 0.49999676427446305 0
1745378535110 0.499993743442446 1
1745378535110 0.49999088291481136 2
1745378535111 0.4999877498172969 3
1745378535112 0.4999849162722379 4
1745378535112 0.4999820980938524 5
1745378535113 0.49997944076765327 6
1745378535114 0.49997714799188075 7
1745378535114 0.499974377005361 8
1745378535115 0.4999720483869687 9
1745378535116 0.49996934890616684 10
1745378535117 0.49996682552006094 11
1745378535117 0.49996441002648323 12
1745378535118 0.4999620833788812 13
1745378535119 0.4999594926438108 14
1745378535120 0.49995717763546854 15
1745378535120 0.49995517016168683 16
1745378535121 0.49995287057515236 17
1745378535122 0.49995086327593774 18
1745378535122 0.49994716318961235 19
1745378535123 0.4999432499172166 20
1745378535124 0.4999406878817454 21
1745378535124 0.49993815983228385 22
1745378535125 0.49993551253557206 23
1745378535126 0.4999317851805687 24
1745378535127 0.49992750453278423 25
1745378535127 0.4999257223059237 26
1745378535128 0.4999235376664251 27
1745378535129 0.4999205556461588 28
1745378535129 0.499917077703625 29
1745378535130 0.4999148338548839 30
1745378535131 0.4999132099156454 31
1745378535131 0.49991114328768105 32
1745378535132 0.49990703966975214 33
1745378535133 0.49990307722140104 34
1745378535133 0.49989967335008084 35
1745378535134 0.4998972320123762 36
1745378535135 0.499895261172764 37
1745378535135 0.49989305385228244 38
1745378535136 0.4998895609372482 39
1745378535137 0.4998861276374012 40
1745378535138 0.4998825796190649 41
1745378535138 0.4998774428704381 42
1745378535139 0.499874208756499 43
1745378535140 0.4998709850801155 44
1745378535140 0.49986917351022364 45
1745378535141 0.4998671020105481 46
1745378535142 0.4998662397741526 47
1745378535142 0.4998635075726733 48
1745378535143 0.4998604401234537 49
1745378535144 0.4998568422502279 50
1745378535145 0.4998535886934027 51
1745378535145 0.4998529940865934 52
1745378535146 0.4998512120127678 53
1745378535147 0.4998482618450746 54
1745378535148 0.49984541033513846 55
1745378535148 0.4998431388766691 56
1745378535149 0.49984165074493736 57
1745378535150 0.499840765622966 58
1745378535151 0.4998391695787758 59
1745378535151 0.499835630364567 60
1745378535152 0.49983144552864134 61
1745378535153 0.49983000869072974 62
1745378535153 0.4998272412209585 63
1745378535154 0.49982391932353376 64
1745378535155 0.4998203619666025 65
1745378535156 0.49981665875244885 66
1745378535156 0.4998152261020616 67
1745378535157 0.4998122884711996 68
1745378535158 0.4998114080794528 69
1745378535158 0.4998085342792794 70
1745378535159 0.49980582207486035 71
1745378535160 0.49980391996447 72
1745378535160 0.49980116319011897 73
1745378535161 0.4997964690051973 74
1745378535162 0.4997956686175987 75
1745378535163 0.4997942461201176 76
1745378535163 0.4997930146587268 77
1745378535164 0.4997907550690323 78
1745378535165 0.49978735266320407 79
1745378535166 0.49978463522195815 80
1745378535166 0.49978123612165454 81
1745378535167 0.49978091535016894 82
1745378535168 0.49977806227844207 83
1745378535169 0.49977424235254525 84
1745378535169 0.4997703837832436 85
1745378535170 0.4997682085327432 86
1745378535171 0.4997665665580705 87
1745378535172 0.4997657673783228 88
1745378535172 0.49976128055941316 89
1745378535173 0.49975953193590045 90
1745378535174 0.4997557345871627 91
1745378535174 0.49975241065133363 92
1745378535175 0.49975137486394494 93
1745378535177 0.4997502881882712 94
1745378535178 0.4997480842377618 95
1745378535178 0.4997450523076206 96
1745378535179 0.49974070132404563 97
1745378535180 0.49973865196738393 98
1745378535180 0.4997343989643827 99
