1745378534966 0.4999968375102255 0
1745378534967 0.4999939677779647 1
1745378534968 0.4999913483496842 2
1745378534969 0.49998837660300904 3
1745378534969 0.4999858783059865 4
1745378534970 0.49998332610910734 5
1745378534971 0.499981106997349 6
1745378534971 0.49997922728279065 7
1745378534972 0.499976855177083 8
1745378534973 0.4999750308093004 9
1745378534973 0.49997270283457557 10
1745378534974 0.49997066117518474 11
1745378534975 0.49996868759976903 12
1745378534975 0.4999667885645417 13
1745378534976 0.499964577196376 14
1745378534977 0.4999628036437688 15
1745378534978 0.49996116323501927 16
1745378534979 0.49995938607728374 17
1745378534979 0.4999577976738166 18
1745378534980 0.49995459307985063 19
1745378534981 0.49995078325673775 20
1745378534981 0.49994860239373173 21
1745378534982 0.49994621969178166 22
1745378534983 0.49994400852716625 23
1745378534984 0.49994054019309997 24
1745378534985 0.49993677624472205 25
1745378534986 0.499935206916805 26
1745378534986 0.49993312366207987 27
1745378534987 0.49993056425936505 28
1745378534988 0.49992740232348143 29
1745378534988 0.4999253808847044 30
1745378534989 0.4999239907785385 31
1745378534990 0.49992209797875137 32
1745378534990 0.4999184954719719 33
1745378534991 0.49991499790795 34
1745378534992 0.49991186347024713 35
1745378534993 0.49990983307239006 36
1745378534993 0.49990810011593456 37
1745378534994 0.49990643099128196 38
1745378534995 0.4999032684744388 39
1745378534995 0.49990001584321614 40
1745378534996 0.4998966844500269 41
1745378534997 0.4998918549930599 42
1745378534997 0.499889107964989 43
1745378534998 0.4998861880305136 44
1745378534999 0.49988468844969713 45
1745378535000 0.4998828562261602 46
1745378535001 0.49988219125606065 47
1745378535001 0.4998799471616451 48
1745378535002 0.4998772399094309 49
1745378535003 0.4998742386762731 50
1745378535004 0.499871337595929 51
1745378535004 0.49987083193881415 52
1745378535005 0.49986928735394626 53
1745378535006 0.4998667154272395 54
1745378535006 0.4998641330274091 55
1745378535007 0.4998622602006273 56
1745378535008 0.4998609279339173 57
1745378535008 0.4998603316085199 58
1745378535009 0.499859048094241 59
1745378535010 0.4998558452240436 60
1745378535010 0.49985209493972255 61
1745378535011 0.49985095849909744 62
1745378535012 0.499848483071007 63
1745378535013 0.49984566082740367 64
1745378535013 0.49984250714042405 65
1745378535014 0.49983929659294823 66
1745378535015 0.49983806183516744 67
1745378535015 0.4998356219749463 68
1745378535016 0.49983489220340066 69
1745378535017 0.4998324957108387 70
1745378535017 0.4998301056486402 71
1745378535018 0.49982841127232486 72
1745378535019 0.4998261045050555 73
1745378535019 0.49982166254408056 74
1745378535020 0.4998209444640222 75
1745378535021 0.4998197190464599 76
1745378535022 0.4998186085361426 77
1745378535022 0.4998164507604933 78
1745378535023 0.4998132912245564 79
1745378535024 0.499811001397614 80
1745378535025 0.4998079451312659 81
1745378535025 0.499807754749475 82
1745378535026 0.49980533032494984 83
1745378535027 0.49980172258084526 84
1745378535027 0.4997981301602608 85
1745378535028 0.49979625563508867 86
1745378535029 0.49979486250632454 87
1745378535029 0.49979427083514466 88
1745378535030 0.4997901028771525 89
1745378535031 0.4997886810043831 90
1745378535032 0.4997851352049805 91
1745378535032 0.4997822638325602 92
1745378535033 0.4997814158348687 93
1745378535034 0.4997806545043727 94
1745378535034 0.49977863681933204 95
1745378535035 0.49977606886403986 96
1745378535036 0.49977220561063335 97
1745378535037 0.49977040663774774 98
1745378535037 0.4997666313956333 99
