1745386950516 0.6931466359844058 0
1745386950517 0.693146006142199 1
1745386950518 0.6931454059702903 2
1745386950519 0.6931448947810381 3
1745386950520 0.6931443212126196 4
1745386950522 0.6931438048932701 5
1745386950522 0.6931431133034825 6
1745386950523 0.6931425637169182 7
1745386950524 0.6931418879291416 8
1745386950525 0.6931413149083405 9
1745386950526 0.693140816924721 10
1745386950527 0.6931403328686208 11
1745386950528 0.6931397324320674 12
1745386950529 0.6931391608391703 13
1745386950530 0.6931386840506643 14
1745386950531 0.6931380905784666 15
1745386950532 0.6931375772915036 16
1745386950533 0.6931370066797733 17
1745386950534 0.6931364346055686 18
1745386950535 0.6931359209556878 19
1745386950536 0.6931355089303851 20
1745386950537 0.6931350127633661 21
1745386950537 0.6931345640933514 22
1745386950538 0.6931340730465203 23
1745386950539 0.6931335619979352 24
1745386950540 0.693133056659773 25
1745386950541 0.6931326217701286 26
1745386950542 0.6931320170682669 27
1745386950543 0.6931315050232411 28
1745386950544 0.6931311980868876 29
1745386950545 0.6931307421001792 30
1745386950546 0.6931301599214226 31
1745386950547 0.693129714506492 32
1745386950548 0.6931293894114345 33
1745386950550 0.6931289449482411 34
1745386950550 0.6931285604058951 35
1745386950551 0.6931280150642991 36
1745386950552 0.6931275617438555 37
1745386950553 0.6931271558179707 38
1745386950554 0.6931268122194707 39
1745386950555 0.693126310589537 40
1745386950556 0.6931258947172761 41
1745386950556 0.6931255640358478 42
1745386950557 0.6931251139424741 43
1745386950558 0.6931245532123744 44
