1745386950741 0.4999997249127552 0
1745386950742 0.49999940910674634 1
1745386950743 0.49999909996666014 2
1745386950743 0.49999884423870594 3
1745386950744 0.49999855443820357 4
1745386950745 0.49999829593792555 5
1745386950746 0.49999794916734097 6
1745386950747 0.49999765115793793 7
1745386950748 0.4999972883844748 8
1745386950748 0.49999698429770767 9
1745386950749 0.49999669906646016 10
1745386950750 0.4999964452823624 11
1745386950751 0.4999961114246771 12
1745386950752 0.49999583076521753 13
1745386950753 0.49999557328946886 14
1745386950754 0.49999526716843246 15
1745386950754 0.4999949764850363 16
1745386950755 0.49999466090120376 17
1745386950756 0.49999435546927157 18
1745386950756 0.4999940857040137 19
1745386950757 0.4999938249439746 20
1745386950758 0.4999935715808347 21
1745386950759 0.4999933014647663 22
1745386950759 0.4999930492568761 23
1745386950760 0.4999927739637718 24
1745386950761 0.49999248400352897 25
1745386950762 0.49999221701938656 26
1745386950762 0.49999189667128024 27
1745386950763 0.49999159947648647 28
1745386950764 0.4999914327316359 29
1745386950765 0.49999117681909355 30
1745386950765 0.49999083886858076 31
1745386950766 0.49999057264324276 32
1745386950767 0.49999040815819057 33
1745386950768 0.49999016227636484 34
1745386950768 0.4999899391460419 35
1745386950769 0.4999896235978603 36
1745386950770 0.4999893835288286 37
1745386950771 0.49998916598390786 38
1745386950771 0.4999889801315218 39
1745386950772 0.49998868836369365 40
1745386950773 0.49998843177486213 41
1745386950774 0.4999882524425164 42
1745386950774 0.49998799569420516 43
1745386950775 0.49998767846293746 44
