1745386950671 0.4999997261571134 0
1745386950672 0.4999994137854045 1
1745386950673 0.4999991102968064 2
1745386950674 0.49999885669884875 3
1745386950674 0.49999857467351355 4
1745386950675 0.49999832893740537 5
1745386950676 0.4999979903508755 6
1745386950677 0.499997708018254 7
1745386950677 0.49999736278956036 8
1745386950678 0.4999970689882484 9
1745386950679 0.49999680437711524 10
1745386950680 0.4999965641264843 11
1745386950680 0.49999625632477124 12
1745386950681 0.499995990828221 13
1745386950682 0.49999575213613456 14
1745386950683 0.499995468180597 15
1745386950684 0.49999520217385457 16
1745386950684 0.49999491638763915 17
1745386950685 0.49999463367363345 18
1745386950686 0.49999438555057485 19
1745386950686 0.4999941498350648 20
1745386950687 0.4999939198857603 21
1745386950688 0.49999367981013804 22
1745386950689 0.49999344975727644 23
1745386950689 0.49999320665671243 24
1745386950690 0.49999294771203556 25
1745386950691 0.4999927152315889 26
1745386950692 0.49999242014947265 27
1745386950693 0.4999921564917664 28
1745386950693 0.49999200331048793 29
1745386950694 0.49999178235112735 30
1745386950695 0.49999149159916556 31
1745386950696 0.49999126486544565 32
1745386950696 0.4999911076285268 33
1745386950697 0.49999088344514336 34
1745386950698 0.4999906895243775 35
1745386950699 0.49999041667169647 36
1745386950699 0.4999901905900051 37
1745386950700 0.49998998912678305 38
1745386950701 0.49998981645944357 39
1745386950701 0.4999895677470999 40
1745386950702 0.4999893584245314 41
1745386950703 0.49998919386429375 42
1745386950704 0.49998896556606753 43
1745386950705 0.4999886866864847 44
