1745386950600 0.49818875 0
1745386950601 0.497625 1
1745386950602 0.4974025 2
1745386950603 0.49758 3
1745386950604 0.4975225 4
1745386950604 0.49739375 5
1745386950605 0.497465 6
1745386950606 0.49740375 7
1745386950606 0.49731125 8
1745386950607 0.497115 9
1745386950608 0.49713 10
1745386950609 0.49732625 11
1745386950609 0.4973275 12
1745386950610 0.4970775 13
1745386950611 0.49702625 14
1745386950612 0.49701625 15
1745386950612 0.49699 16
1745386950613 0.4969925 17
1745386950614 0.49700625 18
1745386950614 0.49696 19
1745386950615 0.49700375 20
1745386950616 0.49698625 21
1745386950617 0.49695875 22
1745386950617 0.49694375 23
1745386950618 0.496945 24
1745386950619 0.49692625 25
1745386950619 0.49692375 26
1745386950620 0.496855 27
1745386950622 0.49683125 28
1745386950623 0.4968575 29
1745386950624 0.49687375 30
1745386950625 0.49687375 31
1745386950626 0.49687625 32
1745386950626 0.49686375 33
1745386950627 0.49684625 34
1745386950628 0.49683 35
1745386950629 0.49684875 36
1745386950630 0.49684125 37
1745386950630 0.496835 38
1745386950631 0.49683375 39
1745386950632 0.4968975 40
1745386950633 0.49690875 41
1745386950633 0.4968325 42
1745386950634 0.496835 43
1745386950635 0.4968775 44
