1745386950809 0.5023312264067212 0
1745386950810 0.5026384480671391 1
1745386950811 0.5026985067770241 2
1745386950812 0.5029658320561428 3
1745386950813 0.5033861615751719 4
1745386950813 0.5033292391091778 5
1745386950814 0.5037144764941976 6
1745386950815 0.5036772756027663 7
1745386950816 0.503877870064654 8
1745386950816 0.5039024804148039 9
1745386950817 0.5038793307738806 10
1745386950818 0.503928078248216 11
1745386950819 0.5038496270133515 12
1745386950819 0.5039084508582201 13
1745386950820 0.5041338750394547 14
1745386950821 0.5045261569169546 15
1745386950822 0.5044926917925108 16
1745386950823 0.5044797161285696 17
1745386950824 0.5045348719659637 18
1745386950824 0.5045734135851271 19
1745386950825 0.5045970781083496 20
1745386950826 0.5046300976100103 21
1745386950827 0.5046571942746018 22
1745386950827 0.5046306367986091 23
1745386950828 0.5046515145067778 24
1745386950829 0.5047743168195189 25
1745386950830 0.5048646918505563 26
1745386950830 0.5052153561151245 27
1745386950831 0.5052629194370469 28
1745386950832 0.50540470428222 29
1745386950833 0.5056641466077751 30
1745386950834 0.5056555526777629 31
1745386950834 0.5055575068029692 32
1745386950835 0.5055790144249215 33
1745386950836 0.5057999536563919 34
1745386950837 0.5060422798720686 35
1745386950838 0.5059021006395424 36
1745386950838 0.5059662190077001 37
1745386950839 0.5060170391175091 38
1745386950840 0.5060510341867828 39
1745386950841 0.5060395867978308 40
1745386950841 0.5060141512459992 41
1745386950842 0.5060070926097405 42
1745386950843 0.5060459295982558 43
1745386950843 0.5060180076226076 44
