1745378689011 0.4999921303319186 0
1745378689012 0.49998458030264825 1
1745378689013 0.49997742548294366 2
1745378689013 0.49996956864144654 3
1745378689014 0.4999626263043657 4
1745378689015 0.4999560561978072 5
1745378689016 0.4999485653654858 6
1745378689017 0.4999417162650824 7
1745378689018 0.49993579159025103 8
1745378689019 0.4999289702724293 9
1745378689019 0.4999224624149874 10
1745378689020 0.4999159116981551 11
1745378689021 0.49990917478341607 12
1745378689021 0.4999030935317278 13
1745378689022 0.4998968503249064 14
1745378689023 0.4998910260686651 15
1745378689023 0.4998851898334175 16
1745378689024 0.49987947707194835 17
1745378689025 0.4998738246238977 18
1745378689026 0.4998684272347763 19
1745378689026 0.49986129233300686 20
1745378689027 0.49985466781187804 21
1745378689028 0.4998507725553587 22
1745378689028 0.4998402020414174 23
1745378689029 0.49983118600502613 24
1745378689030 0.49982489038802685 25
1745378689031 0.4998189960594475 26
1745378689031 0.4998054981213808 27
1745378689032 0.49979708181634547 28
1745378689033 0.49979351746518164 29
1745378689033 0.49979047881070526 30
1745378689034 0.4997820428279415 31
1745378689035 0.4997711394723132 32
1745378689035 0.49976822503313423 33
1745378689036 0.4997621734172478 34
1745378689037 0.49975409747205674 35
1745378689037 0.4997478979181126 36
1745378689038 0.4997422788548842 37
1745378689039 0.4997323306459188 38
1745378689039 0.49972179452423005 39
1745378689040 0.49971380662549286 40
1745378689041 0.4997049477576092 41
1745378689042 0.4997013627321646 42
1745378689042 0.4996909223684296 43
1745378689043 0.4996876565930992 44
1745378689044 0.49967937149666247 45
1745378689044 0.4996767411936447 46
1745378689045 0.49966666602585463 47
1745378689046 0.49966372892044486 48
1745378689046 0.49965720298446714 49
1745378689047 0.4996497767411545 50
1745378689048 0.49964477271385493 51
1745378689048 0.4996344805688411 52
1745378689049 0.4996278255361319 53
1745378689050 0.4996193137926236 54
1745378689050 0.4996056611589715 55
1745378689051 0.49960331440366806 56
1745378689052 0.49959992818515747 57
1745378689052 0.4995930147090182 58
1745378689053 0.49958397196643056 59
1745378689054 0.4995769088866562 60
1745378689055 0.49957402119368316 61
1745378689055 0.4995646107472852 62
1745378689056 0.49955113815288993 63
1745378689057 0.49954800204247235 64
1745378689058 0.49954281614940615 65
1745378689059 0.49953504664979875 66
1745378689059 0.4995266599039733 67
1745378689060 0.49952243866864593 68
1745378689061 0.4995195729953051 69
1745378689061 0.4995131946989894 70
1745378689062 0.49951046965051443 71
1745378689063 0.49950087640322743 72
1745378689063 0.49949293451212345 73
1745378689064 0.4994891126215085 74
1745378689065 0.4994866421162337 75
1745378689066 0.4994842220944911 76
1745378689066 0.4994778399351239 77
1745378689067 0.499468537786752 78
1745378689068 0.49945842955365777 79
1745378689068 0.4994517493407056 80
1745378689069 0.49944627588849516 81
1745378689070 0.49944416634954514 82
1745378689070 0.4994361505809799 83
1745378689071 0.4994284484981373 84
1745378689072 0.4994259187743813 85
1745378689072 0.4994176670402661 86
1745378689073 0.4994093930637836 87
1745378689074 0.49940249833818523 88
1745378689075 0.4993973235801235 89
1745378689075 0.4993886811852455 90
1745378689076 0.49938039902608844 91
1745378689077 0.4993722129428387 92
1745378689077 0.499364288806282 93
1745378689078 0.4993594837598503 94
1745378689079 0.4993526026568189 95
1745378689079 0.4993484034550935 96
1745378689080 0.4993452278992161 97
1745378689081 0.49934105754755437 98
1745378689082 0.4993327003252506 99
