1745378688726 0.49760375 0
1745378688727 0.4961725 1
1745378688728 0.49619625 2
1745378688728 0.49471 3
1745378688729 0.49468375 4
1745378688730 0.4945075 5
1745378688731 0.4944125 6
1745378688731 0.494155 7
1745378688732 0.4941975 8
1745378688733 0.49401 9
1745378688733 0.49394625 10
1745378688734 0.493455 11
1745378688735 0.493555 12
1745378688735 0.49345375 13
1745378688736 0.49337375 14
1745378688737 0.49327 15
1745378688738 0.49321 16
1745378688738 0.49324 17
1745378688739 0.49306375 18
1745378688740 0.4931325 19
1745378688740 0.49282375 20
1745378688741 0.49259125 21
1745378688742 0.4922975 22
1745378688742 0.4916775 23
1745378688743 0.49102875 24
1745378688744 0.49095125 25
1745378688744 0.490915 26
1745378688745 0.4902725 27
1745378688746 0.490295 28
1745378688746 0.49025125 29
1745378688747 0.49016125 30
1745378688748 0.4895425 31
1745378688748 0.488885 32
1745378688749 0.4889375 33
1745378688750 0.4888775 34
1745378688751 0.48855625 35
1745378688751 0.48844 36
1745378688752 0.488365 37
1745378688753 0.4880075 38
1745378688753 0.48708125 39
1745378688754 0.48687875 40
1745378688755 0.48674 41
1745378688756 0.48676625 42
1745378688756 0.48673875 43
1745378688757 0.48646375 44
1745378688758 0.486355 45
1745378688759 0.486405 46
1745378688759 0.4860825 47
1745378688760 0.48611875 48
1745378688761 0.4861 49
1745378688761 0.48619625 50
1745378688762 0.48612375 51
1745378688763 0.48589125 52
1745378688763 0.48569125 53
1745378688764 0.4852325 54
1745378688765 0.48496 55
1745378688766 0.48493375 56
1745378688766 0.48488875 57
1745378688767 0.48466625 58
1745378688768 0.4838875 59
1745378688768 0.483885 60
1745378688769 0.4838425 61
1745378688770 0.48348875 62
1745378688771 0.48271 63
1745378688771 0.48274375 64
1745378688772 0.482735 65
1745378688773 0.48225875 66
1745378688773 0.48193125 67
1745378688774 0.48196875 68
1745378688775 0.48195375 69
1745378688775 0.4818925 70
1745378688776 0.48188375 71
1745378688777 0.48136875 72
1745378688778 0.48129625 73
1745378688778 0.48131125 74
1745378688779 0.48129 75
1745378688780 0.48128 76
1745378688780 0.48116875 77
1745378688782 0.48076375 78
1745378688783 0.48070875 79
1745378688783 0.4807625 80
1745378688784 0.480615 81
1745378688785 0.48063125 82
1745378688786 0.4804775 83
1745378688787 0.48027125 84
1745378688787 0.480265 85
1745378688788 0.48000875 86
1745378688789 0.47994875 87
1745378688789 0.47989125 88
1745378688790 0.47978875 89
1745378688791 0.47971875 90
1745378688792 0.47968125 91
1745378688792 0.4793525 92
1745378688793 0.479265 93
1745378688794 0.47926375 94
1745378688794 0.479195 95
1745378688795 0.47920625 96
1745378688796 0.47919 97
1745378688796 0.47919625 98
1745378688797 0.47895375 99
