1745378688585 0.6931317951789498 0
1745378688586 0.6931173715606331 1
1745378688587 0.6931042192209512 2
1745378688588 0.6930891330715269 3
1745378688588 0.6930769476802647 4
1745378688589 0.6930653402253241 5
1745378688590 0.6930515383337811 6
1745378688591 0.693039855449535 7
1745378688591 0.6930297554650531 8
1745378688592 0.6930177046703547 9
1745378688593 0.693006338724941 10
1745378688593 0.6929946787830069 11
1745378688594 0.6929831288075075 12
1745378688595 0.6929731981579587 13
1745378688595 0.6929626403237507 14
1745378688596 0.6929530130819976 15
1745378688597 0.6929431387900934 16
1745378688597 0.692934094208628 17
1745378688598 0.6929245981314033 18
1745378688599 0.6929159555493668 19
1745378688600 0.6929030951508507 20
1745378688600 0.6928915609254501 21
1745378688601 0.6928843059312553 22
1745378688602 0.6928646790395491 23
1745378688602 0.6928478170055896 24
1745378688603 0.6928370177347213 25
1745378688604 0.692827122090105 26
1745378688604 0.6928019728944078 27
1745378688605 0.6927866912680678 28
1745378688606 0.6927803556982428 29
1745378688606 0.6927751067714952 30
1745378688607 0.6927588278703019 31
1745378688608 0.692738781640213 32
1745378688608 0.6927339532096312 33
1745378688609 0.6927234831707552 34
1745378688610 0.6927085194028542 35
1745378688611 0.6926979782774486 36
1745378688611 0.6926880554681085 37
1745378688612 0.6926697361346893 38
1745378688613 0.6926501295174285 39
1745378688613 0.6926351080301404 40
1745378688614 0.692619553909488 41
1745378688615 0.6926133860313706 42
1745378688615 0.6925945735010318 43
1745378688616 0.6925889150250144 44
1745378688617 0.6925742840380221 45
1745378688618 0.6925701016192697 46
1745378688618 0.6925520530261844 47
1745378688619 0.6925473475130088 48
1745378688620 0.6925363441484608 49
1745378688620 0.6925233062595502 50
1745378688621 0.6925147073201463 51
1745378688622 0.6924961999674514 52
1745378688622 0.6924841609435528 53
1745378688623 0.692468059899956 54
1745378688624 0.6924439352323487 55
1745378688624 0.6924398042958043 56
1745378688625 0.6924346049301698 57
1745378688626 0.6924220748305321 58
1745378688626 0.6924050267502851 59
1745378688627 0.692392355235517 60
1745378688628 0.6923870892252028 61
1745378688629 0.6923699938085861 62
1745378688629 0.692344499189742 63
1745378688630 0.6923388858291134 64
1745378688631 0.6923296948695555 65
1745378688631 0.6923152417078801 66
1745378688632 0.6922997456343658 67
1745378688633 0.6922929874930717 68
1745378688633 0.6922878407949022 69
1745378688634 0.6922768149444088 70
1745378688635 0.6922724280563369 71
1745378688636 0.6922543758665212 72
1745378688636 0.6922408006784693 73
1745378688637 0.6922345262740366 74
1745378688638 0.6922303087826446 75
1745378688638 0.69222642314516 76
1745378688639 0.6922149945632741 77
1745378688640 0.6921978085347824 78
1745378688640 0.6921800655541942 79
1745378688641 0.6921679848154262 80
1745378688642 0.692157486392986 81
1745378688642 0.6921541859961859 82
1745378688643 0.6921405940047279 83
1745378688644 0.6921267045608536 84
1745378688644 0.6921224290272221 85
1745378688645 0.6921075119383074 86
1745378688646 0.6920929606176913 87
1745378688647 0.6920809332731366 88
1745378688647 0.6920713435399533 89
1745378688648 0.6920560461639985 90
1745378688649 0.6920420224253274 91
1745378688649 0.6920267345838621 92
1745378688650 0.6920131102954038 93
1745378688651 0.6920045400642231 94
1745378688651 0.6919926044737175 95
1745378688652 0.6919856326068192 96
1745378688653 0.6919804257554002 97
1745378688653 0.6919737079185992 98
1745378688654 0.6919586768420227 99
