1745378688867 0.4999923066621907 0
1745378688868 0.4999850982885471 1
1745378688868 0.49997853823714583 2
1745378688869 0.4999710006428912 3
1745378688870 0.4999649275749149 4
1745378688870 0.499959153580402 5
1745378688871 0.4999522668431591 6
1745378688872 0.499946465129624 7
1745378688873 0.49994146472903406 8
1745378688873 0.4999354703736966 9
1745378688874 0.4999298381641127 10
1745378688875 0.4999240448238242 11
1745378688875 0.4999183301462136 12
1745378688876 0.4999134312145158 13
1745378688877 0.4999081984177027 14
1745378688878 0.4999034558740736 15
1745378688878 0.4998985702146521 16
1745378688879 0.49989413237481467 17
1745378688880 0.4998894441505779 18
1745378688880 0.4998852046704571 19
1745378688881 0.49987882830146163 20
1745378688882 0.4998731120024539 21
1745378688882 0.49986952711087207 22
1745378688883 0.4998597287284994 23
1745378688884 0.4998513449873704 24
1745378688884 0.49984600836606286 25
1745378688885 0.49984114438398786 26
1745378688886 0.49982857656304575 27
1745378688887 0.4998209584832027 28
1745378688887 0.4998178340227207 29
1745378688888 0.4998152562185258 30
1745378688889 0.49980711585227683 31
1745378688890 0.499797101881002 32
1745378688890 0.4997947400123713 33
1745378688891 0.4997895327577071 34
1745378688892 0.49978205658462854 35
1745378688892 0.49977684095851144 36
1745378688893 0.4997719278437876 37
1745378688894 0.49976277942707237 38
1745378688894 0.49975303343254135 39
1745378688895 0.4997455417151428 40
1745378688896 0.49973779033540816 41
1745378688896 0.4997347108985907 42
1745378688897 0.4997253276214015 43
1745378688898 0.4997225124540065 44
1745378688899 0.4997152306301859 45
1745378688899 0.49971319248513446 46
1745378688900 0.4997041965497147 47
1745378688901 0.49970186151683155 48
1745378688901 0.499696427253674 49
1745378688902 0.49968993478140683 50
1745378688903 0.49968566896978905 51
1745378688903 0.4996764411336751 52
1745378688904 0.49967044053876625 53
1745378688905 0.499662391065983 54
1745378688905 0.4996503728039064 55
1745378688906 0.4996483153650772 56
1745378688907 0.4996457412216435 57
1745378688907 0.49963950459327555 58
1745378688908 0.49963098408465745 59
1745378688909 0.4996246650354228 60
1745378688910 0.49962204103232766 61
1745378688910 0.4996135255719647 62
1745378688911 0.4996007804107265 63
1745378688912 0.4995979857272627 64
1745378688912 0.4995934065081685 65
1745378688913 0.499586194606183 66
1745378688914 0.49957846492279756 67
1745378688914 0.4995751244106037 68
1745378688915 0.4995725655702738 69
1745378688916 0.49956708876266387 70
1745378688916 0.49956495502551135 71
1745378688917 0.4995559308531707 72
1745378688918 0.4995491905277891 73
1745378688918 0.49954608254134863 74
1745378688919 0.49954399345189826 75
1745378688920 0.4995420951000305 76
1745378688920 0.49953641152644224 77
1745378688921 0.49952783237080584 78
1745378688922 0.49951898471638845 79
1745378688923 0.49951295136828217 80
1745378688923 0.4995077047799549 81
1745378688924 0.49950608077816877 82
1745378688925 0.49949932257198815 83
1745378688925 0.4994923874762864 84
1745378688926 0.49949027306112936 85
1745378688927 0.49948283879635624 86
1745378688927 0.49947559910014244 87
1745378688928 0.4994696019776267 88
1745378688929 0.49946481433476825 89
1745378688930 0.4994571915201131 90
1745378688930 0.49945021765432074 91
1745378688931 0.49944258797041796 92
1745378688932 0.4994358063918688 93
1745378688932 0.499431538994341 94
1745378688933 0.4994255969280078 95
1745378688934 0.49942214070608937 96
1745378688934 0.49941957948335913 97
1745378688935 0.4994162968978798 98
1745378688936 0.49940880275924415 99
