1745378689152 0.5032109373402376 0
1745378689153 0.5066170857563381 1
1745378689154 0.5064206360886669 2
1745378689155 0.5089902486888578 3
1745378689155 0.5088539666679632 4
1745378689156 0.5091815577136486 5
1745378689157 0.509415515968033 6
1745378689157 0.5094930023906732 7
1745378689158 0.5096588983645718 8
1745378689159 0.5098018103241517 9
1745378689159 0.5102254204163129 10
1745378689160 0.5109057525514111 11
1745378689161 0.5110913438313144 12
1745378689161 0.5111349173047477 13
1745378689162 0.5112034389149563 14
1745378689163 0.5113469980986625 15
1745378689164 0.511405579561797 16
1745378689164 0.5114823836101887 17
1745378689165 0.5115579775918716 18
1745378689166 0.511654560312183 19
1745378689166 0.5121567863684132 20
1745378689167 0.5124557308925846 21
1745378689168 0.5129802939077578 22
1745378689168 0.5141232776301873 23
1745378689169 0.5150523594992431 24
1745378689170 0.5153323572293882 25
1745378689170 0.5155449021905424 26
1745378689171 0.5163034545633333 27
1745378689172 0.5164799286583999 28
1745378689172 0.5165530117282242 29
1745378689173 0.5166036059354523 30
1745378689174 0.5177625558634159 31
1745378689175 0.5184746363808171 32
1745378689175 0.5184894286822681 33
1745378689176 0.5184106421926059 34
1745378689177 0.5187353859252627 35
1745378689177 0.5189323934417491 36
1745378689178 0.5190596561437725 37
1745378689179 0.519660349461244 38
1745378689180 0.5210035495300711 39
1745378689180 0.5214298092283232 40
1745378689181 0.5216371964652877 41
1745378689182 0.5216901699557914 42
1745378689183 0.5218208577103528 43
1745378689183 0.5218791287849077 44
1745378689184 0.5220552754069603 45
1745378689185 0.5220495685964858 46
1745378689185 0.5227087027859777 47
1745378689186 0.5226435369436913 48
1745378689187 0.5227071522274596 49
1745378689188 0.5227526723795389 50
1745378689189 0.522850887727404 51
1745378689190 0.523186704142324 52
1745378689190 0.5234329569394717 53
1745378689191 0.5243008751957866 54
1745378689192 0.5246621561899032 55
1745378689193 0.5246473610478174 56
1745378689193 0.5246216943429178 57
1745378689194 0.5249891293865646 58
1745378689195 0.52573389011451 59
1745378689196 0.5258695511269945 60
1745378689196 0.5259423995147525 61
1745378689197 0.526531205153376 62
1745378689198 0.5276393575577795 63
1745378689198 0.5277064935381685 64
1745378689199 0.5277660302733757 65
1745378689200 0.5283598823764268 66
1745378689200 0.5289817494800456 67
1745378689201 0.5289238306504659 68
1745378689202 0.5289970747302253 69
1745378689203 0.5291093849583655 70
1745378689204 0.5291388145482282 71
1745378689204 0.5298677495992533 72
1745378689205 0.5300449497937205 73
1745378689206 0.5300812161792381 74
1745378689206 0.5301027830167525 75
1745378689207 0.5301654612003863 76
1745378689208 0.5304358925628824 77
1745378689208 0.5310305227280149 78
1745378689209 0.5312861572952945 79
1745378689210 0.5314338803341084 80
1745378689210 0.5316922444765071 81
1745378689211 0.5316477917968906 82
1745378689212 0.5318853446294028 83
1745378689212 0.5320896788869983 84
1745378689213 0.5320985113614697 85
1745378689214 0.5325477437021259 86
1745378689215 0.5327880598254994 87
1745378689215 0.5328664447356397 88
1745378689216 0.532999760786843 89
1745378689217 0.5331373935343107 90
1745378689217 0.5332898931741137 91
1745378689218 0.5337971341946621 92
1745378689219 0.5339838118345939 93
1745378689219 0.5340245896358032 94
1745378689220 0.5341242921200909 95
1745378689221 0.5341253683019591 96
1745378689221 0.5341434927337501 97
1745378689222 0.5341199742394473 98
1745378689223 0.5344326515988846 99
