1745378312977 0.6931440466582031 0
1745378312978 0.6931409658356756 1
1745378312978 0.6931379336968064 2
1745378312979 0.6931350013240427 3
1745378312980 0.6931320001264661 4
1745378312981 0.6931291141676903 5
1745378312981 0.6931263839383424 6
1745378312982 0.6931234086296707 7
1745378312983 0.6931206592330337 8
1745378312983 0.6931179440443218 9
1745378312984 0.693115132521689 10
1745378312985 0.6931124915970862 11
1745378312986 0.693109961629659 12
1745378312987 0.6931071473442764 13
1745378312988 0.6931046104045957 14
1745378312988 0.6931015424057841 15
1745378312989 0.6930989154982566 16
1745378312990 0.6930962377753854 17
1745378312991 0.6930932930107415 18
1745378312992 0.6930907984803617 19
1745378312993 0.6930883478337526 20
1745378312993 0.6930854621420056 21
1745378312994 0.6930830001477152 22
1745378312995 0.6930801491835713 23
1745378312995 0.6930775540975481 24
1745378312996 0.6930751723909379 25
1745378312997 0.6930722679106146 26
1745378312998 0.693069766317457 27
1745378312998 0.6930674986597896 28
1745378312999 0.6930648148401827 29
1745378313000 0.693062509213388 30
1745378313000 0.6930597323800624 31
1745378313001 0.6930575992750749 32
1745378313002 0.6930553028471396 33
1745378313002 0.693052580048032 34
1745378313003 0.6930502729004622 35
1745378313004 0.6930476330600679 36
1745378313005 0.6930454203196242 37
1745378313005 0.6930427888856828 38
1745378313006 0.6930406188913435 39
1745378313007 0.6930380301400274 40
1745378313007 0.693035970787555 41
1745378313008 0.6930334415181726 42
1745378313009 0.6930312340409309 43
1745378313009 0.6930288627551868 44
1745378313011 0.6930266816578805 45
1745378313012 0.693024391422458 46
1745378313012 0.6930219575889408 47
1745378313013 0.6930195705892518 48
1745378313014 0.6930173586343229 49
1745378313015 0.6930151310620457 50
1745378313015 0.6930127361464501 51
1745378313016 0.6930104465751723 52
1745378313017 0.6930081031463667 53
1745378313017 0.693005998499617 54
1745378313018 0.6930036899190769 55
1745378313019 0.69300153210029 56
1745378313020 0.6929993726761267 57
1745378313021 0.6929970959704742 58
1745378313022 0.6929945379558579 59
1745378313022 0.6929923897318542 60
1745378313023 0.6929903014616295 61
1745378313024 0.6929881149100512 62
1745378313024 0.6929859670160339 63
1745378313025 0.692983495823741 64
1745378313026 0.6929814182507992 65
1745378313026 0.6929793260218948 66
1745378313027 0.6929772840419411 67
1745378313028 0.6929748803959787 68
1745378313028 0.6929729370716959 69
1745378313029 0.6929707919735834 70
1745378313030 0.69296877878692 71
1745378313031 0.6929668274598568 72
1745378313031 0.6929644439102709 73
1745378313032 0.6929625093362853 74
1745378313033 0.6929605088877305 75
1745378313035 0.6929585760013759 76
1745378313036 0.6929562827479094 77
1745378313036 0.692954502761215 78
1745378313037 0.6929525577213616 79
1745378313039 0.692950637953952 80
1745378313040 0.6929482037488743 81
