1745378313100 0.49760375 0
1745378313101 0.4976 1
1745378313102 0.49753875 2
1745378313103 0.49754625 3
1745378313103 0.49645875 4
1745378313104 0.4964575 5
1745378313105 0.49645375 6
1745378313105 0.4962825 7
1745378313106 0.49627125 8
1745378313107 0.49627125 9
1745378313108 0.49598375 10
1745378313108 0.4961675 11
1745378313109 0.49669125 12
1745378313110 0.496175 13
1745378313110 0.4961675 14
1745378313111 0.495225 15
1745378313112 0.49526 16
1745378313112 0.4949 17
1745378313113 0.49490375 18
1745378313114 0.49486375 19
1745378313115 0.49481375 20
1745378313115 0.49462125 21
1745378313116 0.49453375 22
1745378313117 0.49446 23
1745378313118 0.49440125 24
1745378313118 0.49438 25
1745378313119 0.4941725 26
1745378313120 0.49410375 27
1745378313120 0.4940475 28
1745378313121 0.49402 29
1745378313122 0.49407 30
1745378313123 0.49403375 31
1745378313123 0.49402125 32
1745378313124 0.49428875 33
1745378313125 0.49424125 34
1745378313125 0.49423125 35
1745378313126 0.49427 36
1745378313127 0.49439875 37
1745378313127 0.4943975 38
1745378313128 0.49433625 39
1745378313129 0.4942675 40
1745378313130 0.494155 41
1745378313130 0.494255 42
1745378313131 0.4941275 43
1745378313132 0.49413625 44
1745378313132 0.4940625 45
1745378313133 0.4939475 46
1745378313138 0.49390625 47
1745378313138 0.49390625 48
1745378313139 0.49397375 49
1745378313140 0.49394 50
1745378313141 0.49370125 51
1745378313141 0.49367875 52
1745378313142 0.493685 53
1745378313143 0.493655 54
1745378313143 0.49335875 55
1745378313144 0.4933275 56
1745378313145 0.4933275 57
1745378313145 0.4932925 58
1745378313146 0.49334125 59
1745378313147 0.49342625 60
1745378313148 0.493525 61
1745378313148 0.49343875 62
1745378313149 0.49342875 63
1745378313150 0.49346375 64
1745378313151 0.4934425 65
1745378313151 0.49343 66
1745378313152 0.49333625 67
1745378313156 0.493405 68
1745378313156 0.49338625 69
1745378313157 0.49333375 70
1745378313158 0.49328875 71
1745378313159 0.49325125 72
1745378313162 0.49319 73
1745378313163 0.49321625 74
1745378313164 0.49320625 75
1745378313165 0.4932 76
1745378313166 0.49319 77
1745378313167 0.49319625 78
1745378313167 0.49323375 79
1745378313168 0.49321 80
1745378313169 0.49305 81
