1745378313345 0.4999984261019528 0
1745378313345 0.4999968632750958 1
1745378313346 0.49999531460262836 2
1745378313347 0.4999938049795106 3
1745378313348 0.49999226706422867 4
1745378313348 0.4999907541976869 5
1745378313349 0.49998932435970755 6
1745378313350 0.4999877545537055 7
1745378313351 0.4999862949494645 8
1745378313352 0.4999848342673108 9
1745378313352 0.4999833396835625 10
1745378313353 0.49998190103407947 11
1745378313354 0.4999805200766772 12
1745378313354 0.4999789777715504 13
1745378313355 0.4999775795064494 14
1745378313356 0.49997600830506533 15
1745378313356 0.49997454545728864 16
1745378313357 0.4999730723595619 17
1745378313358 0.4999715494945645 18
1745378313358 0.4999701573302597 19
1745378313359 0.4999687782531977 20
1745378313360 0.4999672731246427 21
1745378313361 0.4999658792002872 22
1745378313361 0.49996437358871104 23
1745378313362 0.49996290264870974 24
1745378313363 0.4999615375938639 25
1745378313364 0.49996000323291867 26
1745378313365 0.49995858407650146 27
1745378313365 0.4999572853444889 28
1745378313366 0.4999558398062363 29
1745378313367 0.4999545156454667 30
1745378313367 0.4999530205082893 31
1745378313368 0.4999517819965631 32
1745378313369 0.49995044429033997 33
1745378313370 0.49994895913511517 34
1745378313370 0.4999476114546135 35
1745378313371 0.49994616921748963 36
1745378313372 0.4999448889594525 37
1745378313373 0.4999434392381087 38
1745378313373 0.4999421635217965 39
1745378313374 0.4999407295488566 40
1745378313375 0.49993949830446394 41
1745378313376 0.4999380912858248 42
1745378313376 0.499936792864874 43
1745378313377 0.4999354609046504 44
1745378313378 0.4999341968437284 45
1745378313378 0.49993286597833037 46
1745378313379 0.4999314913924411 47
1745378313380 0.49993013251654805 48
1745378313381 0.49992886443942786 49
1745378313381 0.49992755215797574 50
1745378313382 0.4999262331952527 51
1745378313383 0.49992492363531144 52
1745378313383 0.49992357525452974 53
1745378313384 0.4999223467082903 54
1745378313385 0.49992106329690666 55
1745378313385 0.4999197743951902 56
1745378313386 0.4999185136567429 57
1745378313387 0.49991719085704533 58
1745378313388 0.49991575599770993 59
1745378313388 0.4999144730464742 60
1745378313389 0.4999132328921184 61
1745378313390 0.49991199772726747 62
1745378313390 0.49991075244478883 63
1745378313391 0.49990934452816843 64
1745378313392 0.49990808789275587 65
1745378313393 0.49990689439665525 66
1745378313393 0.49990570275701585 67
1745378313394 0.49990431356523185 68
1745378313395 0.4999031198260188 69
1745378313395 0.499901894117482 70
1745378313396 0.499900688549988 71
1745378313397 0.4998995386249945 72
1745378313397 0.49989814971487967 73
1745378313398 0.499896959627606 74
1745378313399 0.49989579515859484 75
1745378313400 0.4998946533453837 76
1745378313400 0.49989332351963967 77
1745378313401 0.49989220951449126 78
1745378313402 0.49989106983192266 79
1745378313402 0.49988992787323894 80
1745378313403 0.49988850783132016 81
