1745378313228 0.49999843270363514 0
1745378313229 0.4999968914244363 1
1745378313230 0.49999537571305325 2
1745378313230 0.49999391086206607 3
1745378313231 0.4999924129829485 4
1745378313232 0.4999909681217649 5
1745378313232 0.4999896039155792 6
1745378313233 0.49998811563851947 7
1745378313234 0.4999867395896417 8
1745378313234 0.49998538400698406 9
1745378313235 0.499983981456705 10
1745378313236 0.4999826656082094 11
1745378313237 0.4999814053377709 12
1745378313237 0.49997999691224715 13
1745378313238 0.4999787296445939 14
1745378313239 0.49997719597569573 15
1745378313240 0.499975885794819 16
1745378313240 0.4999745506234735 17
1745378313241 0.4999730790705049 18
1745378313242 0.499971836199228 19
1745378313243 0.49997061554191774 20
1745378313243 0.49996917639278204 21
1745378313244 0.49996795048898396 22
1745378313245 0.49996652624895876 23
1745378313246 0.4999652336182882 24
1745378313246 0.49996404785147636 25
1745378313247 0.49996259851296754 26
1745378313248 0.49996135480303217 27
1745378313248 0.499960227071981 28
1745378313249 0.49995888565501034 29
1745378313250 0.49995774106706786 30
1745378313250 0.49995635358312296 31
1745378313251 0.49995529962544444 32
1745378313252 0.4999541565608622 33
1745378313252 0.4999527911723593 34
1745378313253 0.49995164754460997 35
1745378313254 0.49995033344614276 36
1745378313254 0.4999492338471395 37
1745378313255 0.49994792377144426 38
1745378313256 0.4999468462696828 39
1745378313256 0.49994555616727904 40
1745378313257 0.4999445354916858 41
1745378313258 0.4999432754837837 42
1745378313259 0.4999421818609801 43
1745378313260 0.49994100235732586 44
1745378313261 0.4999399202128426 45
1745378313262 0.49993878524029106 46
1745378313262 0.4999375753803433 47
1745378313263 0.4999363856447548 48
1745378313264 0.4999352900815307 49
1745378313265 0.4999341863798999 50
1745378313265 0.49993299502101407 51
1745378313266 0.49993186312877624 52
1745378313267 0.49993069812363605 53
1745378313267 0.4999296537606123 54
1745378313268 0.4999285073882507 55
1745378313269 0.49992743947090273 56
1745378313269 0.4999263768871313 57
1745378313270 0.4999252415881586 58
1745378313271 0.49992397177927245 59
1745378313272 0.4999229084606833 60
1745378313272 0.4999218777316793 61
1745378313273 0.49992079392509614 62
1745378313274 0.499919731579526 63
1745378313274 0.49991849941146127 64
1745378313275 0.4999174755620346 65
1745378313276 0.4999164393609074 66
1745378313277 0.4999154315833886 67
1745378313277 0.49991423454891304 68
1745378313278 0.4999132792222424 69
1745378313279 0.4999122153140728 70
1745378313279 0.49991122209392114 71
1745378313280 0.49991025741492545 72
1745378313281 0.4999090754683185 73
1745378313281 0.4999081228630681 74
1745378313282 0.49990712879687726 75
1745378313283 0.49990617723590786 76
1745378313283 0.49990503715338025 77
1745378313284 0.4999041659342726 78
1745378313285 0.4999032015154291 79
1745378313286 0.49990225505965 80
1745378313286 0.4999010474298313 81
