1745378313461 0.5032109373402376 0
1745378313462 0.5032183385222305 1
1745378313463 0.503349367268603 2
1745378313463 0.5033205418058415 3
1745378313464 0.5060215971194696 4
1745378313465 0.5059775441537435 5
1745378313465 0.506064379955778 6
1745378313466 0.5062434115441151 7
1745378313467 0.5063258653090329 8
1745378313467 0.5063249514746043 9
1745378313468 0.5070225044508505 10
1745378313469 0.5070148823868393 11
1745378313469 0.5070451236982754 12
1745378313470 0.5069967190174131 13
1745378313471 0.5070113978247192 14
1745378313472 0.5085808265116702 15
1745378313472 0.5085784360877309 16
1745378313473 0.5085579664071577 17
1745378313474 0.5087323782606764 18
1745378313474 0.5087705880748287 19
1745378313475 0.50886266701385 20
1745378313476 0.5090286073410277 21
1745378313476 0.5091117534458536 22
1745378313477 0.5089979998033178 23
1745378313478 0.5090853284414415 24
1745378313479 0.5092321466771084 25
1745378313479 0.5094168666821061 26
1745378313480 0.5096153506068528 27
1745378313481 0.509680062100684 28
1745378313481 0.5096719009379227 29
1745378313482 0.5096882482916574 30
1745378313483 0.5096811052918124 31
1745378313484 0.5096930693303011 32
1745378313485 0.5097761359879756 33
1745378313485 0.5100974425493021 34
1745378313486 0.5102595098192585 35
1745378313487 0.5102276820866796 36
1745378313488 0.5102300660387215 37
1745378313488 0.5102514389411862 38
1745378313489 0.5102377502216988 39
1745378313490 0.5103330685751124 40
1745378313491 0.5103341719195751 41
1745378313491 0.5103457463754587 42
1745378313492 0.5104650411435178 43
1745378313493 0.5104738040833722 44
1745378313493 0.5105394729961584 45
1745378313494 0.5105738417907009 46
1745378313495 0.5106264528986941 47
1745378313495 0.510602725816166 48
1745378313496 0.5106986195340809 49
1745378313497 0.510747690582886 50
1745378313497 0.5110340523320417 51
1745378313498 0.5110853781199393 52
1745378313499 0.5110755753795931 53
1745378313500 0.5111137835187397 54
1745378313500 0.5112894203702691 55
1745378313501 0.5113041574215279 56
1745378313502 0.5113223942599597 57
1745378313502 0.5113582468784132 58
1745378313503 0.5114800167925814 59
1745378313504 0.5115119781850003 60
1745378313504 0.5115144125715927 61
1745378313505 0.5115641917166107 62
1745378313506 0.5116503475787803 63
1745378313507 0.5116742320774809 64
1745378313507 0.5116902053080393 65
1745378313508 0.5117277530386388 66
1745378313509 0.5117786335468627 67
1745378313509 0.5117808850984441 68
1745378313510 0.5117912589689018 69
1745378313511 0.5118254892035872 70
1745378313512 0.5118659319317561 71
1745378313512 0.5119140878680033 72
1745378313513 0.5119114422869263 73
1745378313514 0.5119192264952516 74
1745378313514 0.5119077438178122 75
1745378313515 0.5119591562528862 76
1745378313516 0.5119229392956656 77
1745378313516 0.5119164102479561 78
1745378313517 0.5119027529285778 79
1745378313518 0.511955486190121 80
1745378313519 0.5119591321871776 81
