1745386562011 0.6931437364364416 0
1745386562011 0.6931405677682907 1
1745386562012 0.6931378395791352 2
1745386562013 0.6931353347669542 3
1745386562014 0.693132683832869 4
1745386562014 0.6931300455725193 5
1745386562015 0.69312728625305 6
1745386562016 0.6931238146338612 7
1745386562017 0.6931215994364023 8
1745386562018 0.6931184284517914 9
1745386562019 0.6931160874506831 10
1745386562020 0.6931134320484846 11
1745386562020 0.693110666718334 12
1745386562021 0.6931082806050033 13
1745386562022 0.6931055308987946 14
1745386562023 0.6931033555106073 15
1745386562023 0.6931011528024077 16
1745386562024 0.6930983847802877 17
1745386562025 0.6930963575347513 18
1745386562026 0.693094192752093 19
1745386562026 0.6930925294414163 20
1745386562027 0.6930904839638621 21
1745386562028 0.6930877463269979 22
1745386562028 0.6930852892440558 23
1745386562029 0.6930833832462132 24
1745386562030 0.6930810066625476 25
1745386562031 0.6930793175692112 26
1745386562031 0.693076762059927 27
1745386562032 0.6930746476398408 28
1745386562033 0.6930725074188411 29
1745386562034 0.6930705854777992 30
1745386562034 0.6930685754017532 31
1745386562035 0.69306648208417 32
1745386562036 0.6930645970420539 33
1745386562036 0.6930625639630854 34
1745386562037 0.6930610104236752 35
1745386562038 0.6930589669592678 36
1745386562039 0.6930571947983653 37
1745386562039 0.6930554823361337 38
1745386562040 0.6930529511462897 39
1745386562041 0.6930510163054615 40
1745386562042 0.6930494162546843 41
1745386562042 0.6930477266011387 42
1745386562043 0.6930453889852762 43
1745386562044 0.6930431695207209 44
1745386562044 0.6930411131396145 45
1745386562045 0.6930392560070753 46
1745386562046 0.6930376788467169 47
1745386562047 0.6930364805907756 48
1745386562048 0.6930347856756299 49
1745386562048 0.6930327497067302 50
1745386562049 0.6930311089348793 51
1745386562050 0.6930287962085754 52
1745386562051 0.6930262368612736 53
1745386562051 0.6930246142645925 54
1745386562052 0.6930230523549765 55
1745386562053 0.6930205614835024 56
1745386562054 0.6930187748572976 57
1745386562054 0.6930172607748956 58
1745386562055 0.6930156520272791 59
1745386562056 0.6930142960739136 60
1745386562057 0.693012512600571 61
1745386562057 0.693010357503444 62
1745386562058 0.6930089001671225 63
1745386562059 0.6930073154689371 64
1745386562059 0.6930056459789723 65
1745386562060 0.6930041287081689 66
1745386562061 0.6930029574284703 67
1745386562062 0.6930013486848772 68
1745386562062 0.692999805687517 69
1745386562063 0.6929986110178381 70
1745386562064 0.6929972691896558 71
1745386562064 0.6929946189466863 72
1745386562065 0.6929925864499807 73
1745386562066 0.6929904076620191 74
1745386562067 0.6929888797879219 75
1745386562067 0.6929870875886083 76
1745386562068 0.6929858282252401 77
1745386562069 0.6929845517232269 78
1745386562070 0.6929825319405645 79
1745386562070 0.6929808469861001 80
1745386562071 0.6929787012555451 81
1745386562072 0.6929771492343396 82
1745386562072 0.6929760684005171 83
1745386562073 0.6929743830426037 84
1745386562074 0.6929726801905036 85
1745386562075 0.6929710922403634 86
1745386562075 0.6929693301825225 87
1745386562076 0.6929680693888665 88
1745386562077 0.6929667060782015 89
1745386562077 0.6929651934722811 90
1745386562078 0.6929634806672483 91
1745386562079 0.6929620952449739 92
1745386562080 0.6929607622437179 93
1745386562080 0.6929592301722616 94
1745386562081 0.6929577893465757 95
1745386562082 0.6929566397731751 96
1745386562082 0.6929551947057992 97
1745386562083 0.6929534483332187 98
1745386562085 0.6929519361010194 99
