1745386562310 0.4999982771838764 0
1745386562311 0.4999966982323252 1
1745386562311 0.4999953275841089 2
1745386562312 0.4999940746516559 3
1745386562313 0.4999927494038196 4
1745386562314 0.4999914353364122 5
1745386562314 0.499990057296802 6
1745386562315 0.49998831484432166 7
1745386562316 0.49998721283779557 8
1745386562316 0.4999856236703324 9
1745386562317 0.4999844520356455 10
1745386562318 0.4999831254897574 11
1745386562319 0.49998174590414046 12
1745386562320 0.49998055214189946 13
1745386562321 0.49997917487993243 14
1745386562321 0.4999780909390156 15
1745386562322 0.49997698994347245 16
1745386562323 0.4999756052884405 17
1745386562324 0.4999745924018046 18
1745386562324 0.4999735083148423 19
1745386562325 0.499972675594538 20
1745386562326 0.49997165366313656 21
1745386562326 0.49997028341191335 22
1745386562327 0.4999690561690461 23
1745386562328 0.49996810270575337 24
1745386562329 0.49996691699525847 25
1745386562329 0.49996607254157344 26
1745386562330 0.49996479416134726 27
1745386562331 0.4999637365577831 28
1745386562331 0.4999626686834397 29
1745386562332 0.4999617075066606 30
1745386562333 0.49996070329829573 31
1745386562334 0.4999596571401278 32
1745386562334 0.4999587135361784 33
1745386562335 0.49995769630811093 34
1745386562336 0.49995692087909066 35
1745386562337 0.4999559008615257 36
1745386562337 0.49995501352282185 37
1745386562338 0.4999541577760329 38
1745386562339 0.4999528928062066 39
1745386562340 0.49995192469160077 40
1745386562340 0.4999511250895558 41
1745386562341 0.49995028051678203 42
1745386562342 0.4999491147677162 43
1745386562342 0.4999480034384188 44
1745386562343 0.499946974441567 45
1745386562344 0.4999460449850031 46
1745386562345 0.49994525912784493 47
1745386562345 0.49994465973814745 48
1745386562346 0.49994381334701693 49
1745386562347 0.49994279610340475 50
1745386562348 0.49994197573955185 51
1745386562348 0.4999408214824759 52
1745386562349 0.49993954129919443 53
1745386562350 0.49993873082616186 54
1745386562350 0.499937949328988 55
1745386562351 0.49993670380407174 56
1745386562352 0.4999358111169518 57
1745386562353 0.49993505671807975 58
1745386562353 0.49993425319198304 59
1745386562354 0.4999335746365766 60
1745386562355 0.4999326823574507 61
1745386562356 0.4999316075412949 62
1745386562356 0.4999308788690443 63
1745386562357 0.49993008694004837 64
1745386562358 0.49992925196753546 65
1745386562361 0.49992849512610116 66
1745386562362 0.49992791038430995 67
1745386562362 0.4999271057536606 68
1745386562363 0.4999263352128296 69
1745386562364 0.49992573707984195 70
1745386562365 0.4999250677507644 71
1745386562365 0.49992374276648593 72
1745386562366 0.4999227264094394 73
1745386562367 0.4999216367374782 74
1745386562367 0.49992087425629395 75
1745386562368 0.4999199794947441 76
1745386562369 0.4999193492601266 77
1745386562370 0.49991871096474455 78
1745386562370 0.4999177013205258 79
1745386562371 0.4999168609345747 80
1745386562372 0.4999157872037618 81
1745386562372 0.49991501154210605 82
1745386562373 0.4999144706027771 83
1745386562374 0.49991362822506236 84
1745386562375 0.49991278074718387 85
1745386562375 0.4999119866853458 86
1745386562376 0.4999111052525934 87
1745386562377 0.4999104752167459 88
1745386562378 0.49990979326828344 89
1745386562378 0.4999090392134203 90
1745386562379 0.4999081851392892 91
1745386562380 0.49990749377412697 92
1745386562380 0.499906827087087 93
1745386562381 0.4999060611531677 94
1745386562382 0.4999053432712933 95
1745386562383 0.4999047687230069 96
1745386562383 0.4999040468010692 97
1745386562384 0.49990317475618157 98
1745386562385 0.49990241714809736 99
