1745386562659 0.5026944157091471 0
1745386562659 0.5034257705899893 1
1745386562660 0.5044085652489444 2
1745386562661 0.504451164559415 3
1745386562662 0.504293027274616 4
1745386562662 0.5046571893122128 5
1745386562663 0.5046681966901282 6
1745386562664 0.5048621245578534 7
1745386562664 0.5053065798623069 8
1745386562665 0.5054655205321499 9
1745386562668 0.5055515342193947 10
1745386562668 0.5060454644994188 11
1745386562669 0.5063210069007259 12
1745386562670 0.5065787500622123 13
1745386562671 0.5067626885809949 14
1745386562671 0.5068307608533007 15
1745386562672 0.5069081891365219 16
1745386562673 0.5070265976819904 17
1745386562674 0.5070374291003843 18
1745386562674 0.5070992677237497 19
1745386562675 0.5071758014343509 20
1745386562676 0.5073377401223151 21
1745386562676 0.5074761214094142 22
1745386562677 0.507575025091767 23
1745386562678 0.5077199339249262 24
1745386562679 0.5077581697411385 25
1745386562679 0.5078218801879374 26
1745386562680 0.5079716475782672 27
1745386562681 0.50807044321678 28
1745386562681 0.5082714117559927 29
1745386562682 0.5082708436180197 30
1745386562683 0.5083584382722058 31
1745386562684 0.508475809813686 32
1745386562684 0.5084795226386525 33
1745386562685 0.5085356330384982 34
1745386562686 0.5085573831722335 35
1745386562687 0.5085979289091193 36
1745386562687 0.5086845099343364 37
1745386562688 0.5087911761325278 38
1745386562689 0.5091829818618923 39
1745386562690 0.5093400760051977 40
1745386562690 0.5093935901622566 41
1745386562691 0.5094170862005707 42
1745386562692 0.5095640481791895 43
1745386562692 0.5096099466611571 44
1745386562693 0.5096203636667059 45
1745386562694 0.509744494195064 46
1745386562695 0.5097323457318235 47
1745386562696 0.5097451875925163 48
1745386562696 0.5097452534238212 49
1745386562697 0.5098022103493717 50
1745386562698 0.5098158462701008 51
1745386562698 0.5099230963687782 52
1745386562699 0.5099807480417823 53
1745386562700 0.5100070415418007 54
1745386562701 0.5100622143252407 55
1745386562701 0.5101224583472782 56
1745386562702 0.5102424460440617 57
1745386562703 0.5102527443463867 58
1745386562704 0.5102829680434277 59
1745386562704 0.5102766467256641 60
1745386562705 0.5102917879726466 61
1745386562706 0.5103706449726824 62
1745386562706 0.5104312527793978 63
1745386562707 0.5105022484791378 64
1745386562708 0.5105120454591704 65
1745386562709 0.5105917422442804 66
1745386562709 0.510616305352233 67
1745386562710 0.5106626270439281 68
1745386562711 0.5107612038197586 69
1745386562711 0.5108382567401673 70
1745386562712 0.5108949213748494 71
1745386562713 0.5110634556495555 72
1745386562714 0.511154094009401 73
1745386562715 0.5113417488719031 74
1745386562715 0.5113318039761224 75
1745386562716 0.5114068189573341 76
1745386562717 0.511409452631402 77
1745386562718 0.5114290630477307 78
1745386562718 0.5114958220283181 79
1745386562719 0.5115417998978519 80
1745386562720 0.5118215443026577 81
1745386562721 0.5119022906823917 82
1745386562721 0.5119245552978055 83
1745386562722 0.5120029634224675 84
1745386562723 0.5119799061313938 85
1745386562723 0.5120416426265489 86
1745386562724 0.5120995269153717 87
1745386562725 0.5121227988784992 88
1745386562726 0.5121919719860967 89
1745386562726 0.5121979275785556 90
1745386562727 0.5122431662443488 91
1745386562728 0.512261303518826 92
1745386562729 0.512309108383631 93
1745386562729 0.5123357578245709 94
1745386562730 0.5123441891378412 95
1745386562731 0.5123282361839329 96
1745386562732 0.5123377064605684 97
1745386562732 0.5123701590094653 98
1745386562733 0.5125342145491921 99
