1745386562459 0.499998231866993 0
1745386562460 0.49999654450953007 1
1745386562461 0.49999511416062714 2
1745386562461 0.4999937399496883 3
1745386562462 0.4999922218760103 4
1745386562463 0.49999075449507685 5
1745386562464 0.4999891791107133 6
1745386562464 0.4999871990639344 7
1745386562465 0.4999859908811748 8
1745386562466 0.499984263891615 9
1745386562466 0.49998294477757066 10
1745386562467 0.4999814994423464 11
1745386562468 0.4999800584378466 12
1745386562469 0.49997871079523115 13
1745386562469 0.4999770825046301 14
1745386562470 0.4999757893225178 15
1745386562471 0.4999744627906755 16
1745386562471 0.4999728667632863 17
1745386562472 0.4999717007581145 18
1745386562473 0.49997041784204543 19
1745386562474 0.499969503711015 20
1745386562474 0.4999683278769627 21
1745386562475 0.49996669393513354 22
1745386562476 0.49996524424023925 23
1745386562476 0.4999641189427674 24
1745386562477 0.49996276239581405 25
1745386562478 0.4999617972228676 26
1745386562479 0.49996028918836266 27
1745386562479 0.49995910329572857 28
1745386562480 0.4999578766765073 29
1745386562481 0.49995675233434883 30
1745386562481 0.4999555586289987 31
1745386562482 0.4999544280976802 32
1745386562483 0.4999532871513814 33
1745386562484 0.49995207086384297 34
1745386562484 0.49995106017485264 35
1745386562485 0.49994995411261917 36
1745386562486 0.4999489146695286 37
1745386562487 0.4999479484410584 38
1745386562487 0.499946615383029 39
1745386562488 0.4999455255549401 40
1745386562489 0.4999445761795342 41
1745386562489 0.49994348099131136 42
1745386562490 0.4999421383006498 43
1745386562491 0.4999409218874946 44
1745386562492 0.49993963081594556 45
1745386562492 0.4999385703768209 46
1745386562493 0.4999375003420934 47
1745386562494 0.4999368037457392 48
1745386562495 0.4999357015649602 49
1745386562495 0.499934421650283 50
1745386562496 0.4999334249702096 51
1745386562497 0.49993201474025845 52
1745386562497 0.4999305591674894 53
1745386562498 0.4999295789273456 54
1745386562499 0.49992856887750325 55
1745386562500 0.49992698133204133 56
1745386562500 0.4999259925084561 57
1745386562501 0.49992499060705303 58
1745386562502 0.499923948918283 59
1745386562502 0.4999230765886232 60
1745386562503 0.49992207677897066 61
1745386562504 0.49992072082601485 62
1745386562505 0.49991983932212 63
1745386562505 0.49991882680866867 64
1745386562506 0.49991764150757345 65
1745386562507 0.4999167446584627 66
1745386562508 0.49991606213971973 67
1745386562508 0.4999150237377733 68
1745386562509 0.499914106374979 69
1745386562510 0.49991338978119193 70
1745386562511 0.4999126385582984 71
1745386562511 0.49991121942579747 72
1745386562512 0.4999099841067195 73
1745386562513 0.49990871839422735 74
1745386562513 0.4999077827958018 75
1745386562514 0.4999066598361358 76
1745386562515 0.49990580876253543 77
1745386562516 0.49990507140934465 78
1745386562516 0.49990387790709734 79
1745386562517 0.4999028638900444 80
1745386562518 0.49990184504784646 81
1745386562519 0.49990090992901476 82
1745386562519 0.4999001998671144 83
1745386562520 0.4998991684090346 84
1745386562521 0.4998979668160528 85
1745386562521 0.49989702050480994 86
1745386562522 0.49989588669873775 87
1745386562523 0.4998951528060809 88
1745386562524 0.4998944099927321 89
1745386562524 0.4998933769356832 90
1745386562525 0.49989236434396356 91
1745386562526 0.4998914800399542 92
1745386562527 0.49989058351989835 93
1745386562527 0.4998896864460036 94
1745386562528 0.49988880095176397 95
1745386562529 0.4998880559382215 96
1745386562529 0.4998870472352579 97
1745386562530 0.49988599965818226 98
1745386562531 0.499885233428292 99
