1745386562160 0.49794375 0
1745386562161 0.4973925 1
1745386562162 0.49720375 2
1745386562162 0.49706375 3
1745386562163 0.49739125 4
1745386562164 0.4971025 5
1745386562165 0.49727875 6
1745386562165 0.49685 7
1745386562166 0.49659625 8
1745386562167 0.4965825 9
1745386562167 0.49655 10
1745386562168 0.4960675 11
1745386562169 0.49564 12
1745386562170 0.49558875 13
1745386562170 0.49552875 14
1745386562171 0.4956625 15
1745386562172 0.49565375 16
1745386562173 0.49552 17
1745386562173 0.495555 18
1745386562174 0.49563125 19
1745386562175 0.49538875 20
1745386562175 0.4952225 21
1745386562176 0.49531 22
1745386562177 0.49525375 23
1745386562178 0.4953825 24
1745386562178 0.4953375 25
1745386562179 0.49525875 26
1745386562180 0.495095 27
1745386562181 0.495025 28
1745386562181 0.49478375 29
1745386562182 0.49475375 30
1745386562183 0.4948 31
1745386562184 0.4947125 32
1745386562184 0.4947925 33
1745386562185 0.4946175 34
1745386562186 0.494795 35
1745386562187 0.494805 36
1745386562187 0.49497375 37
1745386562188 0.49491125 38
1745386562189 0.4945725 39
1745386562190 0.49433375 40
1745386562190 0.49434875 41
1745386562191 0.49438375 42
1745386562192 0.49419625 43
1745386562193 0.49410875 44
1745386562193 0.4941875 45
1745386562194 0.49420875 46
1745386562195 0.494085 47
1745386562196 0.494065 48
1745386562196 0.49414375 49
1745386562197 0.4939525 50
1745386562198 0.4939525 51
1745386562199 0.4940325 52
1745386562199 0.4939875 53
1745386562200 0.49395625 54
1745386562201 0.4937375 55
1745386562202 0.49360875 56
1745386562202 0.49351625 57
1745386562203 0.49347 58
1745386562204 0.49343 59
1745386562204 0.4934625 60
1745386562205 0.4935075 61
1745386562206 0.4935075 62
1745386562207 0.49350375 63
1745386562208 0.49347125 64
1745386562208 0.4934325 65
1745386562209 0.49342 66
1745386562210 0.49340125 67
1745386562211 0.49313125 68
1745386562211 0.4930725 69
1745386562212 0.4930225 70
1745386562213 0.49299625 71
1745386562214 0.49290375 72
1745386562214 0.49285625 73
1745386562215 0.49291375 74
1745386562216 0.49295375 75
1745386562217 0.49271 76
1745386562218 0.4926475 77
1745386562219 0.4926 78
1745386562220 0.4926325 79
1745386562221 0.4925975 80
1745386562222 0.49249625 81
1745386562222 0.49243 82
1745386562223 0.49237875 83
1745386562224 0.4923575 84
1745386562224 0.49229875 85
1745386562225 0.4922925 86
1745386562226 0.4922725 87
1745386562227 0.4922725 88
1745386562227 0.4922725 89
1745386562228 0.49215 90
1745386562229 0.49213 91
1745386562230 0.4920975 92
1745386562231 0.49201875 93
1745386562232 0.4920225 94
1745386562232 0.49202625 95
1745386562233 0.49204125 96
1745386562234 0.49201375 97
1745386562235 0.49193375 98
1745386562235 0.491665 99
