1745378093629 0.5012943132112876 0
1745378093630 0.5021173619771614 1
1745378093631 0.5033996729029523 2
1745378093632 0.5035778712196411 3
1745378093632 0.503614943542337 4
1745378093633 0.5034804100056491 5
1745378093634 0.5038358200137201 6
1745378093634 0.5039327649446663 7
1745378093635 0.5039778962266431 8
1745378093636 0.5040661324835487 9
1745378093637 0.5043073588350881 10
1745378093637 0.5045207333897529 11
1745378093638 0.5046534857202454 12
1745378093639 0.5046269587154785 13
1745378093640 0.5045713177500717 14
1745378093641 0.5046595911071062 15
1745378093642 0.5046916183935044 16
1745378093642 0.5046782426344805 17
1745378093643 0.5046644578896591 18
1745378093644 0.5047516062084055 19
1745378093644 0.5047260764352323 20
1745378093645 0.5047529916069742 21
1745378093646 0.5047138947147365 22
1745378093647 0.505162198245912 23
1745378093647 0.5053296208313705 24
1745378093648 0.5052757211720202 25
1745378093649 0.5052789789271015 26
1745378093650 0.5052894439322512 27
1745378093650 0.5052548867526785 28
1745378093651 0.5052801167591842 29
