1745378093449 0.6931467813557386 0
1745378093450 0.6931462590102851 1
1745378093451 0.6931456888453662 2
1745378093452 0.693145352312997 3
1745378093452 0.6931450453829765 4
1745378093453 0.6931443661952764 5
1745378093454 0.6931439106439053 6
1745378093454 0.6931435445682704 7
1745378093455 0.6931430735278129 8
1745378093456 0.6931426948308199 9
1745378093456 0.6931422755792737 10
1745378093457 0.693141880851239 11
1745378093458 0.693141562820375 12
1745378093459 0.6931411827985943 13
1745378093459 0.6931408029431104 14
1745378093460 0.693140260047242 15
1745378093461 0.6931398294886202 16
1745378093462 0.6931394501435012 17
1745378093462 0.6931390321073682 18
1745378093463 0.6931386169795692 19
1745378093464 0.6931381475060433 20
1745378093465 0.6931377910083533 21
1745378093466 0.6931374428166449 22
1745378093466 0.6931370014674216 23
1745378093467 0.6931365802189707 24
1745378093468 0.6931361563228071 25
1745378093469 0.69313570929192 26
1745378093470 0.6931353608927131 27
1745378093471 0.693135014058575 28
1745378093472 0.6931345554762334 29
