1745378093540 0.49999979943753853 0
1745378093541 0.4999995384002023 1
1745378093542 0.49999925380431315 2
1745378093542 0.4999990854989756 3
1745378093543 0.49999893319191224 4
1745378093544 0.499998592231974 5
1745378093544 0.4999983654145068 6
1745378093545 0.499998182276834 7
1745378093546 0.49999794756272514 8
1745378093547 0.49999776112397926 9
1745378093548 0.4999975483753405 10
1745378093548 0.4999973504370098 11
1745378093549 0.49999719204367504 12
1745378093550 0.4999970013342099 13
1745378093550 0.4999968137880223 14
1745378093551 0.4999965414489399 15
1745378093552 0.4999963266214088 16
1745378093553 0.49999613731482945 17
1745378093553 0.4999959275856172 18
1745378093554 0.4999957199952479 19
1745378093555 0.4999954861301207 20
1745378093555 0.49999530693096195 21
1745378093556 0.49999513289768666 22
1745378093558 0.4999949131762386 23
1745378093558 0.49999470398430146 24
1745378093559 0.4999944919925413 25
1745378093560 0.4999942700963534 26
1745378093561 0.49999409343697115 27
1745378093561 0.49999392211041893 28
1745378093562 0.4999936927074608 29
