1745378093584 0.4999997987700626 0
1745378093585 0.4999995361951366 1
1745378093585 0.49999924969736487 2
1745378093586 0.4999990784871578 3
1745378093587 0.4999989231393486 4
1745378093588 0.499998574353084 5
1745378093588 0.4999983411629498 6
1745378093589 0.49999815274063497 7
1745378093590 0.49999791033055635 8
1745378093591 0.49999771301165225 9
1745378093591 0.49999748993039134 10
1745378093592 0.49999728505797686 11
1745378093593 0.4999971170737967 12
1745378093593 0.49999691508099436 13
1745378093594 0.4999967145722732 14
1745378093595 0.4999964292279258 15
1745378093596 0.4999961994870752 16
1745378093596 0.4999959964733198 17
1745378093597 0.4999957701376453 18
1745378093598 0.49999555979922417 19
1745378093598 0.49999530602086334 20
1745378093599 0.49999511257626117 21
1745378093600 0.4999949229257181 22
1745378093600 0.4999946990741417 23
1745378093601 0.49999447275362907 24
1745378093602 0.4999942481660843 25
1745378093602 0.49999400525908916 26
1745378093603 0.49999380396664145 27
1745378093604 0.49999361346632243 28
1745378093605 0.4999933748110384 29
