1745378093497 0.498525 0
1745378093498 0.49833 1
1745378093498 0.49746 2
1745378093499 0.49777625 3
1745378093500 0.4977525 4
1745378093500 0.49784875 5
1745378093501 0.49764375 6
1745378093502 0.4974175 7
1745378093502 0.49745375 8
1745378093503 0.49751 9
1745378093504 0.49728375 10
1745378093505 0.49743 11
1745378093505 0.49725875 12
1745378093506 0.49737 13
1745378093507 0.49722125 14
1745378093508 0.49722125 15
1745378093508 0.4972225 16
1745378093509 0.49702 17
1745378093510 0.49701625 18
1745378093510 0.49690625 19
1745378093511 0.4971025 20
1745378093512 0.4970875 21
1745378093512 0.49734 22
1745378093513 0.497225 23
1745378093514 0.496925 24
1745378093514 0.49709125 25
1745378093515 0.49715 26
1745378093516 0.49698875 27
1745378093517 0.497255 28
1745378093518 0.49708625 29
