1745378912325 0.49999353123348206 0
1745378912326 0.49998766072098166 1
1745378912327 0.4999814755132794 2
1745378912328 0.49997655610796066 3
1745378912328 0.4999717037673667 4
1745378912329 0.4999663218997419 5
1745378912330 0.4999614106559753 6
1745378912330 0.49995607410866766 7
1745378912331 0.4999513868828863 8
1745378912332 0.4999467009801045 9
1745378912333 0.49994189981330184 10
1745378912334 0.49993459806066004 11
1745378912334 0.4999314711140469 12
1745378912335 0.4999236674564332 13
1745378912336 0.49991931744560597 14
1745378912337 0.49991005399927496 15
1745378912337 0.49990307101793585 16
1745378912338 0.4998990715353191 17
1745378912339 0.49989433945376427 18
1745378912340 0.49988858868137004 19
1745378912340 0.4998852511163056 20
1745378912341 0.49987578518133613 21
1745378912342 0.4998706605929509 22
1745378912343 0.49986375297609714 23
1745378912343 0.4998573338480294 24
1745378912344 0.49984993986591697 25
1745378912345 0.4998431312860176 26
1745378912346 0.4998364366566762 27
1745378912346 0.49982849542744456 28
1745378912347 0.4998258497893065 29
1745378912348 0.49982376040715726 30
1745378912349 0.49981419079713524 31
1745378912349 0.49980540633361786 32
1745378912350 0.4998031316913664 33
1745378912351 0.49979331774104385 34
1745378912352 0.4997875671995804 35
1745378912352 0.4997816595796123 36
1745378912353 0.49977705536685885 37
1745378912354 0.4997753585548326 38
1745378912354 0.4997674253854528 39
1745378912355 0.49976187608540057 40
1745378912356 0.4997533508427814 41
1745378912357 0.4997457590779662 42
1745378912357 0.4997383096153289 43
1745378912358 0.4997320596586168 44
1745378912359 0.4997275110321492 45
1745378912359 0.4997246707704291 46
1745378912360 0.4997227390864119 47
1745378912361 0.4997162246270478 48
1745378912362 0.49971101847432553 49
1745378912362 0.4997022527815402 50
1745378912363 0.4997009642098099 51
1745378912364 0.4996944537330419 52
1745378912364 0.49969022547096015 53
1745378912365 0.4996875672774762 54
1745378912366 0.49968607042945923 55
1745378912367 0.4996778649073094 56
1745378912367 0.4996720903135836 57
1745378912368 0.4996640611523017 58
1745378912369 0.49966053240180014 59
1745378912370 0.4996544983821362 60
1745378912370 0.4996528473678976 61
1745378912371 0.4996471388598531 62
1745378912372 0.4996385393317789 63
1745378912373 0.499634720367752 64
1745378912373 0.4996263586414978 65
1745378912374 0.49962204666189847 66
1745378912375 0.49961764298647643 67
1745378912376 0.49961122328501195 68
1745378912376 0.4996070995797217 69
1745378912377 0.49960054893579336 70
1745378912378 0.4995982309750095 71
1745378912378 0.49959153114009647 72
1745378912379 0.4995862277368829 73
1745378912380 0.4995785739170015 74
1745378912380 0.4995729875320941 75
1745378912381 0.4995694922715798 76
1745378912382 0.49956401863843203 77
1745378912383 0.49955597671829166 78
1745378912383 0.49955354838363825 79
1745378912384 0.4995462394184247 80
1745378912385 0.49954408957079055 81
1745378912386 0.49953733692351726 82
1745378912386 0.49953070642836395 83
1745378912387 0.499524052676484 84
1745378912388 0.49951936235848815 85
1745378912388 0.49951449331413955 86
1745378912389 0.4995134111871198 87
1745378912390 0.4995087599241361 88
1745378912391 0.4995052702516317 89
1745378912391 0.49950198625922204 90
1745378912392 0.49949404522102325 91
1745378912393 0.49948803449876605 92
1745378912394 0.49948085440021006 93
1745378912394 0.4994778127391264 94
1745378912395 0.4994748303616792 95
1745378912396 0.4994712445539981 96
1745378912397 0.4994668111401424 97
1745378912397 0.4994623998435214 98
1745378912398 0.4994594257665053 99
