1745378912478 0.502448108721323 0
1745378912478 0.5030829068011685 1
1745378912479 0.5050296531598903 2
1745378912480 0.5051540498988202 3
1745378912481 0.5051394470980284 4
1745378912482 0.5057730289892688 5
1745378912483 0.50587107651155 6
1745378912484 0.505909554717261 7
1745378912484 0.5059794365103255 8
1745378912485 0.5062055156060545 9
1745378912486 0.5070269575163393 10
1745378912487 0.5073963118072866 11
1745378912487 0.507676334331268 12
1745378912488 0.5087159742692446 13
1745378912489 0.5087972935239663 14
1745378912490 0.5092314454715444 15
1745378912490 0.5099431087468694 16
1745378912491 0.5100924703882578 17
1745378912492 0.5102451708975095 18
1745378912492 0.510577786666922 19
1745378912493 0.5106426822582685 20
1745378912494 0.5113617317811595 21
1745378912495 0.5113420505064536 22
1745378912495 0.5119896621464927 23
1745378912496 0.5124332753832292 24
1745378912497 0.5129612543946591 25
1745378912498 0.5131645087359984 26
1745378912498 0.5135971343782677 27
1745378912499 0.5143181509986258 28
1745378912500 0.5143363406868936 29
1745378912501 0.5143485869544888 30
1745378912501 0.5150098258763016 31
1745378912502 0.5159332856883027 32
1745378912503 0.5160493630576708 33
1745378912504 0.5165798457965591 34
1745378912504 0.516655130995918 35
1745378912505 0.5167694517185512 36
1745378912506 0.5168599651927525 37
1745378912507 0.5168811336070059 38
1745378912507 0.5174927439718244 39
1745378912508 0.5178736652373793 40
1745378912509 0.5187853473709149 41
1745378912510 0.5195714373082375 42
1745378912511 0.5197394308519319 43
1745378912512 0.5198459609818427 44
1745378912514 0.5200466733674655 45
1745378912515 0.520045445310069 46
1745378912516 0.5200451282089661 47
1745378912517 0.520200153526304 48
1745378912518 0.5204736897683496 49
1745378912518 0.5207442334687364 50
1745378912519 0.5207437041481454 51
1745378912520 0.5209924114007052 52
1745378912521 0.5210127196400918 53
1745378912522 0.521014245182898 54
1745378912522 0.5210957561351613 55
1745378912523 0.5214323227183156 56
1745378912524 0.5216184545907242 57
1745378912525 0.5219920161494304 58
1745378912525 0.5220176194853595 59
1745378912526 0.5222188170882951 60
1745378912527 0.5222273484054689 61
1745378912528 0.5224442310004603 62
1745378912528 0.5229646470949596 63
1745378912529 0.5230079173204633 64
1745378912530 0.5234556112932686 65
1745378912531 0.5235842927033515 66
1745378912531 0.5235753243252824 67
1745378912532 0.5237984714139382 68
1745378912533 0.5238667131075482 69
1745378912534 0.5241084562702603 70
1745378912534 0.5241234371629923 71
1745378912535 0.5243690352047374 72
1745378912536 0.5244160377463479 73
1745378912537 0.5248516713522046 74
1745378912537 0.5250163316499301 75
1745378912538 0.5250235015186185 76
1745378912539 0.5251481585428287 77
1745378912540 0.5254314952220874 78
1745378912540 0.5254520194778505 79
1745378912541 0.5256797712293972 80
1745378912542 0.5258101769236027 81
1745378912542 0.5260439072021942 82
1745378912543 0.5260859367358823 83
1745378912544 0.5263942321925783 84
1745378912545 0.5264057556482844 85
1745378912545 0.5264004790268062 86
1745378912546 0.5264378547943075 87
1745378912547 0.5265031107025322 88
1745378912548 0.5265085678215133 89
1745378912549 0.526505170328446 90
1745378912549 0.5269519237198549 91
1745378912550 0.5270650712852826 92
1745378912551 0.5272044485731932 93
1745378912552 0.5272515027462331 94
1745378912552 0.5272818691049792 95
1745378912553 0.5273769905983331 96
1745378912554 0.5274806845871292 97
1745378912555 0.5275313976447705 98
1745378912556 0.527521431750732 99
