1745378912176 0.4999938298755905 0
1745378912177 0.4999885206403834 1
1745378912177 0.49998284629426143 2
1745378912178 0.49997874711074547 3
1745378912179 0.4999750037944736 4
1745378912180 0.49997049915716313 5
1745378912180 0.4999665643243457 6
1745378912181 0.49996214984129217 7
1745378912182 0.4999584401749658 8
1745378912182 0.4999541259903378 9
1745378912184 0.4999501859017782 10
1745378912184 0.49994386288374754 11
1745378912185 0.4999411413074212 12
1745378912186 0.49993371615046917 13
1745378912187 0.4999300006150431 14
1745378912187 0.4999218604240979 15
1745378912188 0.4999156370764961 16
1745378912189 0.49991196087157563 17
1745378912190 0.4999080788321255 18
1745378912191 0.4999031384897589 19
1745378912191 0.4999001956100414 20
1745378912192 0.49989162856533287 21
1745378912193 0.49988752015499993 22
1745378912194 0.49988115340935124 23
1745378912195 0.4998753762419533 24
1745378912196 0.4998689682089859 25
1745378912196 0.49986322767806535 26
1745378912197 0.49985714110793306 27
1745378912198 0.4998503651715193 28
1745378912198 0.49984811136872814 29
1745378912199 0.49984640701710165 30
1745378912200 0.4998375464774591 31
1745378912200 0.49982950668366755 32
1745378912201 0.4998275473156386 33
1745378912202 0.49981852686370093 34
1745378912203 0.4998134043725969 35
1745378912203 0.49980845533562485 36
1745378912204 0.4998043479628293 37
1745378912205 0.49980295642828876 38
1745378912206 0.4997955780002606 39
1745378912207 0.49979040449515516 40
1745378912208 0.4997824608693688 41
1745378912208 0.4997752574376447 42
1745378912209 0.49976875801352105 43
1745378912210 0.49976385402131557 44
1745378912211 0.4997595794598095 45
1745378912212 0.4997574359181373 46
1745378912212 0.49975600177270185 47
1745378912213 0.4997503432810582 48
1745378912214 0.4997456302857642 49
1745378912215 0.49973809780143713 50
1745378912216 0.4997372987292052 51
1745378912217 0.49973152727056236 52
1745378912217 0.49972784843620793 53
1745378912218 0.49972597746299324 54
1745378912219 0.4997247242832241 55
1745378912220 0.4997173875200007 56
1745378912220 0.49971246688039794 57
1745378912221 0.49970526969888107 58
1745378912222 0.49970242854724195 59
1745378912222 0.49969740371182525 60
1745378912223 0.4996960301992434 61
1745378912224 0.4996908582728464 62
1745378912225 0.49968315952712344 63
1745378912225 0.4996799394506953 64
1745378912226 0.49967246452344016 65
1745378912227 0.49966866374732133 66
1745378912228 0.49966511030271954 67
1745378912228 0.49965957467169714 68
1745378912229 0.49965624914131834 69
1745378912230 0.49965051952721873 70
1745378912230 0.49964881323197535 71
1745378912231 0.4996426367545024 72
1745378912232 0.49963842663722025 73
1745378912233 0.49963158405464203 74
1745378912234 0.499626719550284 75
1745378912234 0.4996240393653674 76
1745378912235 0.49961939218069124 77
1745378912236 0.49961233247816406 78
1745378912236 0.4996104516118303 79
1745378912237 0.49960407918879324 80
1745378912238 0.4996022445135902 81
1745378912238 0.49959606654922173 82
1745378912239 0.4995902555874068 83
1745378912240 0.4995842185153766 84
1745378912241 0.4995806231703511 85
1745378912241 0.4995766294319747 86
1745378912242 0.49957581076123353 87
1745378912243 0.49957204349126155 88
1745378912244 0.49956912967655676 89
1745378912245 0.49956656039998404 90
1745378912247 0.4995595100106557 91
1745378912248 0.49955430435794324 92
1745378912248 0.4995481577787442 93
1745378912249 0.49954582501123024 94
1745378912250 0.49954349996724706 95
1745378912251 0.4995403406124953 96
1745378912251 0.4995362130999483 97
1745378912252 0.4995326145373066 98
1745378912253 0.49953060522402487 99
