1745378912022 0.49797625 0
1745378912023 0.4979325 1
1745378912023 0.4967775 2
1745378912024 0.4968125 3
1745378912025 0.49686 4
1745378912026 0.49663125 5
1745378912027 0.49681375 6
1745378912027 0.4965225 7
1745378912029 0.49634375 8
1745378912029 0.49619375 9
1745378912030 0.4958 10
1745378912031 0.4958075 11
1745378912032 0.49567125 12
1745378912033 0.4951975 13
1745378912033 0.49517 14
1745378912034 0.49464625 15
1745378912035 0.49427 16
1745378912036 0.49418625 17
1745378912037 0.49389875 18
1745378912038 0.49376625 19
1745378912038 0.49374625 20
1745378912039 0.493245 21
1745378912040 0.49319875 22
1745378912041 0.4926275 23
1745378912042 0.49243375 24
1745378912042 0.4921825 25
1745378912043 0.4917475 26
1745378912044 0.4915 27
1745378912045 0.4910825 28
1745378912046 0.491065 29
1745378912046 0.49108625 30
1745378912047 0.49031875 31
1745378912048 0.48983125 32
1745378912049 0.4896975 33
1745378912050 0.4894525 34
1745378912050 0.48943 35
1745378912051 0.4893725 36
1745378912052 0.48931375 37
1745378912053 0.48929 38
1745378912054 0.48896125 39
1745378912054 0.48906375 40
1745378912056 0.488485 41
1745378912057 0.48797125 42
1745378912057 0.48800125 43
1745378912058 0.48788 44
1745378912059 0.48778375 45
1745378912060 0.48779625 46
1745378912060 0.4877925 47
1745378912061 0.48786625 48
1745378912062 0.4876525 49
1745378912063 0.48714125 50
1745378912063 0.48707625 51
1745378912064 0.48689125 52
1745378912065 0.4868775 53
1745378912066 0.48689 54
1745378912066 0.4867325 55
1745378912067 0.4865375 56
1745378912068 0.4863725 57
1745378912068 0.48629375 58
1745378912069 0.48631 59
1745378912070 0.48618625 60
1745378912071 0.486195 61
1745378912071 0.48598875 62
1745378912072 0.4856425 63
1745378912073 0.48568125 64
1745378912074 0.4853425 65
1745378912074 0.48523125 66
1745378912075 0.48525875 67
1745378912076 0.4851825 68
1745378912077 0.48513375 69
1745378912077 0.48489125 70
1745378912078 0.48480125 71
1745378912079 0.48464125 72
1745378912079 0.48463125 73
1745378912080 0.48427125 74
1745378912081 0.48412 75
1745378912082 0.484165 76
1745378912082 0.48424625 77
1745378912083 0.483985 78
1745378912084 0.48395125 79
1745378912084 0.483715 80
1745378912085 0.48361375 81
1745378912086 0.48365 82
1745378912087 0.4836175 83
1745378912087 0.4834475 84
1745378912088 0.48350125 85
1745378912089 0.48366125 86
1745378912089 0.4835825 87
1745378912090 0.4835825 88
1745378912091 0.4835925 89
1745378912092 0.4836025 90
1745378912092 0.48335 91
1745378912093 0.483185 92
1745378912094 0.48307875 93
1745378912095 0.48308375 94
1745378912095 0.48304 95
1745378912096 0.48302 96
1745378912097 0.48297125 97
1745378912098 0.48306 98
1745378912098 0.4830775 99
