1745378911851 0.6931348228812217 0
1745378911852 0.6931241874691099 1
1745378911853 0.6931128001440316 2
1745378911854 0.6931045273384825 3
1745378911855 0.6930969376009702 4
1745378911855 0.6930878310883418 5
1745378911856 0.6930798301715776 6
1745378911857 0.6930708814781904 7
1745378911858 0.6930633319162205 8
1745378911859 0.6930546999286115 9
1745378911860 0.6930466795635224 10
1745378911861 0.6930338994833827 11
1745378911862 0.693028330236189 12
1745378911862 0.6930134754833207 13
1745378911863 0.693006014154423 14
1745378911864 0.6929897245915606 15
1745378911865 0.6929771616484225 16
1745378911866 0.6929698013240844 17
1745378911867 0.6929618961417489 18
1745378911867 0.6929519832106866 19
1745378911868 0.6929460755154491 20
1745378911869 0.6929289288070798 21
1745378911870 0.6929206599781849 22
1745378911871 0.6929079193345271 23
1745378911871 0.6928963209364564 24
1745378911873 0.6928834427505359 25
1745378911873 0.6928719307129272 26
1745378911874 0.6928597459878773 27
1745378911875 0.6928460479978099 28
1745378911876 0.6928415071052313 29
1745378911877 0.6928380844900757 30
1745378911878 0.6928203549948707 31
1745378911879 0.6928042501317524 32
1745378911879 0.6928003248016164 33
1745378911880 0.6927822710353508 34
1745378911881 0.6927720206200145 35
1745378911882 0.6927620680305548 36
1745378911883 0.6927538209763355 37
1745378911884 0.6927510297882185 38
1745378911885 0.6927362706169672 39
1745378911886 0.6927259124342352 40
1745378911887 0.6927100237874873 41
1745378911887 0.6926956144301221 42
1745378911888 0.6926826038444601 43
1745378911889 0.6926727228730917 44
1745378911890 0.6926641638276912 45
1745378911891 0.6926597499564103 46
1745378911892 0.6926568312163651 47
1745378911893 0.6926454983376152 48
1745378911893 0.692636070518475 49
1745378911894 0.6926209676286764 50
1745378911895 0.6926193432327733 51
1745378911896 0.6926077823181078 52
1745378911897 0.692600388299562 53
1745378911898 0.6925964935426601 54
1745378911898 0.6925939781975188 55
1745378911899 0.6925792772827484 56
1745378911900 0.6925694046538137 57
1745378911901 0.6925549880228564 58
1745378911902 0.6925492408508808 59
1745378911902 0.6925391497164219 60
1745378911903 0.6925363908662834 61
1745378911904 0.6925260357514769 62
1745378911905 0.6925106265753321 63
1745378911906 0.6925041296082549 64
1745378911907 0.6924891689171642 65
1745378911908 0.6924815207973123 66
1745378911908 0.6924743871449492 67
1745378911909 0.692463309016265 68
1745378911910 0.6924566160214134 69
1745378911911 0.6924451417770237 70
1745378911912 0.6924416783540137 71
1745378911912 0.6924293059443124 72
1745378911913 0.6924208267179132 73
1745378911914 0.692407096706871 74
1745378911915 0.6923973489543609 75
1745378911916 0.6923918976755813 76
1745378911917 0.6923825741719827 77
1745378911917 0.6923684433731436 78
1745378911918 0.6923646158730611 79
1745378911919 0.6923518434840628 80
1745378911920 0.6923481648186967 81
1745378911921 0.6923357874707505 82
1745378911922 0.6923241237759031 83
1745378911923 0.6923120430358499 84
1745378911923 0.6923047652631253 85
1745378911924 0.6922967561891862 86
1745378911925 0.6922950800310075 87
1745378911926 0.6922875028368645 88
1745378911927 0.6922816201048717 89
1745378911928 0.6922764432551526 90
1745378911929 0.692262297081966 91
1745378911930 0.6922518614766933 92
1745378911930 0.6922395424713753 93
1745378911931 0.6922348099396005 94
1745378911932 0.692230078008119 95
1745378911933 0.6922237423329055 96
1745378911934 0.6922154556388966 97
1745378911935 0.692208205126673 98
1745378911935 0.6922040565735846 99
