1745386493802 0.49999964779236056 0
1745386493802 0.49999930540453824 1
1745386493803 0.49999903246839983 2
1745386493804 0.49999867816599447 3
1745386493805 0.4999983480122403 4
1745386493805 0.4999980402533488 5
1745386493806 0.49999768806571215 6
1745386493807 0.4999973482496754 7
1745386493808 0.49999701962050264 8
1745386493808 0.49999666568544 9
1745386493809 0.49999634001699905 10
1745386493810 0.49999608343710134 11
1745386493811 0.49999578646680054 12
1745386493811 0.49999548956837114 13
1745386493812 0.49999522294200666 14
1745386493813 0.49999491173569144 15
1745386493813 0.4999945924595764 16
1745386493814 0.49999426281727616 17
1745386493815 0.49999402696325623 18
1745386493816 0.4999936892300633 19
1745386493816 0.4999934456689962 20
1745386493817 0.499993157332712 21
1745386493818 0.49999281695801684 22
1745386493819 0.49999253839628666 23
1745386493820 0.49999230181549476 24
1745386493820 0.4999920097136752 25
1745386493821 0.4999917576380574 26
1745386493822 0.49999150020802946 27
1745386493822 0.49999119730220964 28
1745386493823 0.49999087661792146 29
1745386493824 0.4999905817083405 30
1745386493825 0.49999023503105505 31
1745386493825 0.4999899879956133 32
1745386493826 0.4999897468262353 33
1745386493827 0.4999894845509635 34
1745386493827 0.4999891889803885 35
1745386493828 0.49998895674334226 36
1745386493829 0.49998866185872515 37
1745386493830 0.4999884702198405 38
1745386493831 0.4999882577282111 39
1745386493831 0.49998803669468067 40
1745386493832 0.4999877820421508 41
1745386493833 0.49998751982824846 42
1745386493834 0.4999872569656749 43
1745386493834 0.4999870372848558 44
1745386493835 0.4999867895610213 45
1745386493836 0.49998652142097344 46
1745386493837 0.49998626572685295 47
1745386493839 0.4999859946971081 48
1745386493839 0.4999857123542295 49
1745386493840 0.49998548334750065 50
1745386493841 0.4999852317942837 51
1745386493841 0.4999849211506373 52
1745386493842 0.4999846752251248 53
1745386493843 0.4999844621923692 54
1745386493844 0.4999841891349315 55
1745386493844 0.4999838586193722 56
1745386493845 0.4999835334516297 57
1745386493847 0.49998326927971226 58
1745386493848 0.49998304939285776 59
1745386493849 0.49998281713762965 60
1745386493850 0.49998259945194556 61
1745386493851 0.4999822956636572 62
1745386493852 0.4999821216204511 63
1745386493854 0.4999818032005232 64
1745386493855 0.4999815390535088 65
1745386493856 0.4999812086621917 66
1745386493857 0.499981050447109 67
1745386493858 0.49998076922018614 68
1745386493859 0.4999805697739183 69
1745386493859 0.4999803674359616 70
1745386493860 0.4999801383720578 71
1745386493861 0.4999798934507322 72
1745386493862 0.49997962798848455 73
1745386493863 0.49997932002688034 74
1745386493863 0.4999790204042006 75
1745386493864 0.4999787728308511 76
1745386493865 0.49997848461983024 77
1745386493866 0.4999782905823614 78
1745386493866 0.4999781095597634 79
1745386493867 0.49997787957758094 80
1745386493869 0.4999775894687628 81
1745386493870 0.4999773793354931 82
1745386493871 0.49997709571019566 83
1745386493872 0.49997681798126986 84
1745386493872 0.4999765239866786 85
1745386493873 0.4999762967641887 86
1745386493874 0.4999761019566733 87
1745386493875 0.49997588579332874 88
1745386493875 0.49997570032323063 89
1745386493876 0.49997543964164975 90
1745386493877 0.49997516056657215 91
1745386493877 0.49997493153552586 92
1745386493878 0.49997473813108984 93
1745386493879 0.4999745604272229 94
1745386493880 0.499974348112994 95
1745386493880 0.4999741792350854 96
1745386493881 0.4999739490637777 97
1745386493882 0.49997369249947354 98
