1745386493641 0.49794375 0
1745386493642 0.4973925 1
1745386493643 0.49685375 2
1745386493644 0.49683375 3
1745386493644 0.49708125 4
1745386493645 0.49693625 5
1745386493646 0.4971875 6
1745386493647 0.49700375 7
1745386493647 0.4966125 8
1745386493648 0.496615 9
1745386493649 0.4966075 10
1745386493650 0.49646875 11
1745386493650 0.4965675 12
1745386493651 0.49636875 13
1745386493652 0.49632 14
1745386493653 0.49617625 15
1745386493654 0.49631625 16
1745386493655 0.49621375 17
1745386493655 0.496335 18
1745386493656 0.4963525 19
1745386493657 0.49639125 20
1745386493657 0.49632625 21
1745386493658 0.49633875 22
1745386493659 0.49613 23
1745386493660 0.49617 24
1745386493660 0.496215 25
1745386493661 0.49616875 26
1745386493662 0.4959925 27
1745386493662 0.4960525 28
1745386493663 0.496155 29
1745386493664 0.49619 30
1745386493665 0.49609875 31
1745386493666 0.49606 32
1745386493667 0.4961475 33
1745386493667 0.49576625 34
1745386493668 0.4957125 35
1745386493669 0.495705 36
1745386493669 0.49571375 37
1745386493670 0.49565 38
1745386493671 0.49572125 39
1745386493672 0.4957225 40
1745386493672 0.49563625 41
1745386493673 0.49565625 42
1745386493674 0.49563625 43
1745386493674 0.49566 44
1745386493675 0.4955775 45
1745386493676 0.49555375 46
1745386493677 0.495575 47
1745386493677 0.49553125 48
1745386493678 0.4954225 49
1745386493679 0.49548125 50
1745386493680 0.4955125 51
1745386493680 0.49548125 52
1745386493681 0.4955675 53
1745386493682 0.4955175 54
1745386493683 0.4953875 55
1745386493683 0.49521 56
1745386493684 0.49531875 57
1745386493685 0.4953875 58
1745386493686 0.49547875 59
1745386493686 0.4954175 60
1745386493687 0.4954025 61
1745386493688 0.49539375 62
1745386493689 0.49533625 63
1745386493690 0.49539 64
1745386493690 0.49532875 65
1745386493691 0.49525375 66
1745386493692 0.4952525 67
1745386493693 0.4952775 68
1745386493693 0.49535375 69
1745386493694 0.49537375 70
1745386493695 0.49516625 71
1745386493696 0.49514625 72
1745386493697 0.49501375 73
1745386493698 0.49498625 74
1745386493699 0.495105 75
1745386493699 0.49489625 76
1745386493700 0.49483625 77
1745386493701 0.4948325 78
1745386493701 0.49489125 79
1745386493702 0.4949 80
1745386493703 0.49482125 81
1745386493704 0.49492875 82
1745386493705 0.4949025 83
1745386493706 0.4948925 84
1745386493706 0.49491625 85
1745386493707 0.494835 86
1745386493708 0.4947925 87
1745386493708 0.49474875 88
1745386493709 0.49473375 89
1745386493710 0.49471125 90
1745386493711 0.49476 91
1745386493711 0.49479125 92
1745386493712 0.4946325 93
1745386493713 0.4947275 94
1745386493714 0.4946725 95
1745386493714 0.494635 96
1745386493715 0.4947125 97
1745386493716 0.49473875 98
