1745386493963 0.49999964634705335 0
1745386493963 0.4999993009374663 1
1745386493964 0.49999902582414446 2
1745386493965 0.4999986653641984 3
1745386493966 0.49999832548573614 4
1745386493966 0.49999800888393076 5
1745386493967 0.4999976464355737 6
1745386493968 0.4999972930209339 7
1745386493969 0.49999695281345397 8
1745386493970 0.49999659069191665 9
1745386493971 0.49999624843675644 10
1745386493972 0.4999959848925844 11
1745386493972 0.49999566884774715 12
1745386493973 0.499995356352143 13
1745386493974 0.4999950789082423 14
1745386493975 0.4999947582254931 15
1745386493976 0.49999441306579856 16
1745386493978 0.4999940724975243 17
1745386493979 0.49999382669351994 18
1745386493979 0.49999345866046846 19
1745386493980 0.4999931913750991 20
1745386493981 0.49999287482447924 21
1745386493982 0.4999925101900473 22
1745386493983 0.4999922090107948 23
1745386493983 0.4999919478328526 24
1745386493984 0.4999916291421279 25
1745386493985 0.4999913561412692 26
1745386493986 0.4999910839899257 27
1745386493986 0.4999907605143264 28
1745386493987 0.4999904222090915 29
1745386493988 0.4999900883692503 30
1745386493989 0.4999897243211791 31
1745386493989 0.49998944250348953 32
1745386493990 0.4999891926407814 33
1745386493991 0.4999889189815149 34
1745386493992 0.4999886052944511 35
1745386493992 0.49998833655133845 36
1745386493993 0.4999880255859345 37
1745386493994 0.4999878265623376 38
1745386493995 0.4999875976804644 39
1745386493995 0.4999873638418317 40
1745386493996 0.49998707038246093 41
1745386493997 0.49998677273653447 42
1745386493997 0.49998648573949933 43
1745386493998 0.4999862522869557 44
1745386493999 0.49998596544828267 45
1745386494000 0.4999856828781962 46
1745386494000 0.4999854039790481 47
1745386494001 0.49998512626897545 48
1745386494002 0.4999848048774153 49
1745386494002 0.4999845504802093 50
1745386494003 0.49998425328765067 51
1745386494004 0.49998391255322844 52
1745386494005 0.49998362403240054 53
1745386494006 0.49998338401935993 54
1745386494006 0.4999830888009444 55
1745386494007 0.49998273168571294 56
1745386494008 0.4999823737851903 57
1745386494009 0.4999820870860666 58
1745386494009 0.499981843919158 59
1745386494010 0.499981587757729 60
1745386494011 0.499981347797662 61
1745386494012 0.4999810134777054 62
1745386494012 0.4999808178031817 63
1745386494013 0.4999804538512602 64
1745386494014 0.4999801635563001 65
1745386494014 0.4999798064066842 66
1745386494015 0.49997962660234424 67
1745386494016 0.4999793147778511 68
1745386494017 0.49997907602649183 69
1745386494017 0.4999788578592241 70
1745386494018 0.4999786103357375 71
1745386494019 0.4999783097277582 72
1745386494019 0.4999780126459151 73
1745386494020 0.4999776627913862 74
1745386494021 0.4999773091540486 75
1745386494022 0.4999770237959921 76
1745386494022 0.4999767132578045 77
1745386494023 0.49997649264357985 78
1745386494024 0.4999762954232842 79
1745386494024 0.49997603069309143 80
1745386494025 0.49997572214003655 81
1745386494026 0.499975476991944 82
1745386494027 0.4999751478244364 83
1745386494027 0.49997483535446224 84
1745386494028 0.4999745025733858 85
1745386494029 0.49997423295456916 86
1745386494029 0.49997398133743554 87
1745386494030 0.4999737469403818 88
1745386494031 0.49997355129994453 89
1745386494032 0.4999732543580979 90
1745386494032 0.4999729440494627 91
1745386494033 0.49997269761823115 92
1745386494034 0.4999724812822789 93
1745386494034 0.4999722641766071 94
1745386494035 0.49997204336225987 95
1745386494036 0.49997185137972233 96
1745386494037 0.49997158452346924 97
1745386494037 0.499971283384338 98
