1745386494183 0.5026944157091471 0
1745386494184 0.5034257705899893 1
1745386494185 0.5045947193976968 2
1745386494185 0.5047742841378375 3
1745386494186 0.5045514234366462 4
1745386494187 0.5047899192414812 5
1745386494188 0.5047074886072198 6
1745386494188 0.5047921141620588 7
1745386494197 0.5050428928427463 8
1745386494198 0.5051991643103667 9
1745386494199 0.505243371522176 10
1745386494200 0.5055049808650067 11
1745386494200 0.5054056885604553 12
1745386494201 0.5054897218273012 13
1745386494202 0.5056009292261487 14
1745386494203 0.5057354266193889 15
1745386494203 0.5056688749420991 16
1745386494204 0.5058348499865493 17
1745386494205 0.5058506647622176 18
1745386494205 0.5058647529770732 19
1745386494206 0.5058169210028707 20
1745386494207 0.5058417056828828 21
1745386494208 0.5058305015798036 22
1745386494208 0.5060165650753555 23
1745386494221 0.5060039715742445 24
1745386494222 0.5059504413359222 25
1745386494223 0.5059714117315083 26
1745386494223 0.5060531287808006 27
1745386494224 0.5060158147091057 28
1745386494225 0.5061357819339972 29
1745386494226 0.506086786690076 30
1745386494226 0.5062095262391508 31
1745386494227 0.5061557066505876 32
1745386494228 0.506260534322248 33
1745386494228 0.5064147119193749 34
1745386494229 0.5064640318979415 35
1745386494230 0.5064643049887939 36
1745386494231 0.5065442607834947 37
1745386494231 0.5065931978429924 38
1745386494232 0.5066013253747599 39
1745386494233 0.5066993431126249 40
1745386494250 0.5066900167736093 41
1745386494250 0.506707123256603 42
1745386494251 0.5067687078297569 43
1745386494252 0.506832175888854 44
1745386494253 0.5068575446787275 45
1745386494253 0.5069205215624155 46
1745386494254 0.5069525693203503 47
1745386494255 0.5069970437198822 48
1745386494256 0.5070078829226575 49
1745386494256 0.5069865744486649 50
1745386494257 0.5069472610378053 51
1745386494258 0.5070223548347076 52
1745386494259 0.5070083880074531 53
1745386494259 0.5070008822168284 54
1745386494260 0.5070686418169987 55
1745386494261 0.5071309627188907 56
1745386494261 0.5071298527210915 57
1745386494262 0.5071533594062895 58
1745386494263 0.5071520072770386 59
1745386494264 0.5071769088258979 60
1745386494264 0.5072682323925641 61
1745386494277 0.5073299954033665 62
1745386494278 0.5073507819956745 63
1745386494279 0.5073581766455818 64
1745386494279 0.507374913693893 65
1745386494280 0.5074597545645363 66
1745386494281 0.5074428719223538 67
1745386494282 0.5074720338122607 68
1745386494282 0.5074363954638361 69
1745386494283 0.5074539219253047 70
1745386494284 0.5074918082318509 71
1745386494284 0.507473021466208 72
1745386494292 0.5075604702202727 73
1745386494292 0.507598637552053 74
1745386494293 0.5076209001237151 75
1745386494294 0.5076534651164556 76
1745386494294 0.5076894515901699 77
1745386494295 0.5076755427254637 78
1745386494296 0.5077083184215045 79
1745386494297 0.5076846139767669 80
1745386494297 0.5078031162473136 81
1745386494298 0.5078225884166522 82
1745386494299 0.5078186928290335 83
1745386494299 0.5078502210584106 84
1745386494300 0.5078412746572114 85
1745386494301 0.5078385878205991 86
1745386494314 0.5078283067620386 87
1745386494315 0.5078791570325043 88
1745386494315 0.5079227499875523 89
1745386494316 0.5079408336463598 90
1745386494317 0.5079462679696347 91
1745386494317 0.5079711292028356 92
1745386494318 0.5080201409717705 93
1745386494319 0.5079821432401315 94
1745386494320 0.5080026971353708 95
1745386494320 0.5080103300386014 96
1745386494321 0.5079945181973106 97
1745386494322 0.5079882600577247 98
