1745386493477 0.6931464779932052 0
1745386493478 0.6931457958125323 1
1745386493479 0.6931452431121469 2
1745386493479 0.6931445278589428 3
1745386493480 0.6931438638240844 4
1745386493481 0.6931432557335496 5
1745386493482 0.6931425549010932 6
1745386493482 0.6931418740293384 7
1745386493483 0.6931412187123298 8
1745386493484 0.6931405057995021 9
1745386493485 0.6931398620451987 10
1745386493486 0.6931393462209403 11
1745386493486 0.6931387608128041 12
1745386493487 0.6931381579508632 13
1745386493488 0.6931376286423951 14
1745386493489 0.6931370059579611 15
1745386493490 0.6931363645245879 16
1745386493491 0.6931357052460313 17
1745386493491 0.6931352308905869 18
1745386493492 0.6931345570590347 19
1745386493493 0.6931340702158958 20
1745386493494 0.693133490022719 21
1745386493495 0.6931328148669005 22
1745386493496 0.6931322556325048 23
1745386493497 0.6931317817850411 24
1745386493497 0.6931312008223682 25
1745386493498 0.6931306889809669 26
1745386493499 0.6931301805475354 27
1745386493499 0.6931295758381486 28
1745386493500 0.693128934565112 29
1745386493501 0.6931283376017958 30
1745386493502 0.6931276507019997 31
1745386493503 0.6931271541431546 32
1745386493503 0.6931266711384058 33
1745386493504 0.6931261472785473 34
1745386493505 0.6931255545616894 35
1745386493506 0.6931250918320566 36
1745386493507 0.6931245036710054 37
1745386493508 0.6931241216304899 38
1745386493509 0.6931236932262779 39
1745386493510 0.693123254896924 40
1745386493511 0.6931227459751814 41
1745386493512 0.6931222229095548 42
1745386493513 0.6931216952005028 43
1745386493513 0.6931212551464886 44
1745386493514 0.6931207619945705 45
1745386493515 0.6931202219973505 46
1745386493516 0.6931197118703276 47
1745386493516 0.6931191702794284 48
1745386493517 0.6931186042595655 49
1745386493518 0.6931181432275474 50
1745386493519 0.6931176420558989 51
1745386493519 0.6931170228925347 52
1745386493520 0.6931165328774601 53
1745386493521 0.6931161028840392 54
1745386493521 0.6931155605804921 55
1745386493522 0.6931148968912662 56
1745386493523 0.6931142506833374 57
1745386493524 0.6931137194875627 58
1745386493525 0.693113279460147 59
1745386493525 0.6931128091261536 60
1745386493526 0.6931123776933551 61
1745386493527 0.693111772178486 62
1745386493528 0.6931114219276607 63
1745386493529 0.693110785818249 64
1745386493530 0.6931102566035837 65
1745386493530 0.6931095971276611 66
1745386493531 0.6931092832691222 67
1745386493532 0.6931087190116942 68
1745386493532 0.6931083210967481 69
1745386493533 0.6931079140800238 70
1745386493534 0.6931074584973603 71
1745386493535 0.6931069666981697 72
1745386493535 0.6931064354177564 73
1745386493536 0.6931058201432229 74
1745386493537 0.6931052170554548 75
1745386493538 0.6931047275818885 76
1745386493538 0.6931041469072551 77
1745386493539 0.6931037597677857 78
1745386493540 0.6931033974923193 79
1745386493541 0.6931029391811043 80
1745386493542 0.693102358750105 81
1745386493542 0.693101937989369 82
1745386493543 0.6931013726704568 83
1745386493544 0.6931008163395525 84
1745386493545 0.6931002281910926 85
1745386493546 0.6930997698280216 86
1745386493547 0.6930993822997064 87
1745386493547 0.693098951079473 88
1745386493548 0.6930985787186772 89
1745386493549 0.6930980581121892 90
1745386493550 0.6930974979786575 91
1745386493551 0.6930970413027704 92
1745386493551 0.6930966560691595 93
1745386493552 0.6930962994693964 94
1745386493553 0.6930958741247654 95
1745386493554 0.693095535440892 96
1745386493554 0.6930950759908557 97
1745386493555 0.6930945644575357 98
