1745378986670 0.6931121273937821 0
1745378986670 0.6930826827145368 1
1745378986671 0.6930418523185701 2
1745378986672 0.693016362259835 3
1745378986672 0.6930014962406829 4
1745378986673 0.6929552414042875 5
1745378986674 0.6929267944227904 6
1745378986675 0.6929000783028454 7
1745378986675 0.6928775508216023 8
1745378986676 0.6928411466921494 9
1745378986677 0.6928202069069073 10
1745378986678 0.6927765797683597 11
1745378986678 0.6927601569156349 12
1745378986679 0.6927149000052363 13
1745378986680 0.6926866358030588 14
1745378986680 0.6926638790897652 15
1745378986681 0.6926460592507571 16
1745378986683 0.6926104909815639 17
1745378986684 0.6925688243721798 18
1745378986685 0.6925486812308803 19
1745378986686 0.6925269171515852 20
1745378986687 0.692499652293697 21
1745378986688 0.6924729836878926 22
1745378986689 0.69244781561438 23
1745378986690 0.692411097095795 24
1745378986691 0.6923773256494105 25
1745378986693 0.6923563008095697 26
1745378986694 0.6923385402212664 27
1745378986695 0.6923155805489793 28
1745378986697 0.6922827649892122 29
1745378986698 0.6922455701550096 30
1745378986699 0.6922132033916191 31
1745378986699 0.6921681823492796 32
1745378986700 0.6921559110551327 33
1745378986701 0.6921247306809947 34
1745378986702 0.6921158667290955 35
1745378986702 0.6920906190218404 36
1745378986703 0.692064495046027 37
1745378986704 0.692046763205044 38
1745378986704 0.6920078912662342 39
1745378986705 0.6919858008959331 40
1745378986706 0.6919553879703022 41
1745378986706 0.6919247053257749 42
1745378986707 0.6918963154702075 43
1745378986708 0.6918685553541779 44
1745378986708 0.6918323300461099 45
1745378986709 0.6917972979690135 46
1745378986710 0.6917586866607703 47
1745378986711 0.691716659118589 48
1745378986711 0.6916917158476635 49
1745378986712 0.6916669896968827 50
1745378986713 0.6916354054856114 51
1745378986713 0.6916155040897056 52
1745378986714 0.691583988875933 53
1745378986715 0.6915500192771852 54
1745378986715 0.691529672426898 55
1745378986716 0.6915151427600533 56
1745378986717 0.6914890594378114 57
1745378986718 0.6914698046403565 58
1745378986718 0.6914432377132587 59
1745378986719 0.6914165988039598 60
1745378986720 0.6914006175573916 61
1745378986720 0.6913752347990312 62
1745378986721 0.6913405624563992 63
1745378986722 0.6912935902304947 64
1745378986723 0.6912690535387397 65
1745378986723 0.6912405265079997 66
1745378986724 0.6912157718647272 67
1745378986725 0.6911875728560611 68
1745378986725 0.6911531412803568 69
1745378986726 0.6911345334856958 70
1745378986727 0.6911003083676099 71
1745378986728 0.6910647257904708 72
1745378986728 0.6910456476791762 73
1745378986729 0.6910274287632108 74
1745378986730 0.6910025370317139 75
1745378986730 0.6909757601725124 76
1745378986731 0.6909427915795334 77
1745378986732 0.6909137438635901 78
1745378986733 0.6908799242908135 79
1745378986733 0.6908673451123573 80
1745378986734 0.6908216034226679 81
1745378986735 0.6908059957468696 82
1745378986735 0.6907707377907075 83
1745378986736 0.690744512770623 84
1745378986737 0.6907217574837059 85
1745378986738 0.6906983316455223 86
1745378986738 0.6906702812278085 87
1745378986739 0.690628065199405 88
1745378986740 0.690606292852331 89
1745378986740 0.6905804620282165 90
1745378986741 0.6905547290604934 91
1745378986742 0.690531629078053 92
1745378986743 0.6905166087640822 93
1745378986743 0.6905039666032605 94
1745378986744 0.6904651663732343 95
1745378986745 0.6904436793103628 96
1745378986745 0.6904274126206339 97
1745378986746 0.6903934329765476 98
1745378986747 0.6903672107646242 99
