1745378986962 0.4999824781119297 0
1745378986963 0.49996776536664495 1
1745378986964 0.499947359676694 2
1745378986964 0.4999346325965331 3
1745378986965 0.49992722766550673 4
1745378986966 0.4999041294294599 5
1745378986967 0.49988995757315285 6
1745378986967 0.4998766064421545 7
1745378986968 0.49986538984283946 8
1745378986969 0.4998472409478783 9
1745378986969 0.4998368405409336 10
1745378986970 0.4998150376268226 11
1745378986971 0.49980691255830334 12
1745378986972 0.49978432148149404 13
1745378986972 0.4997702036757513 14
1745378986973 0.4997588469976006 15
1745378986974 0.4997500395405222 16
1745378986974 0.49973229761229887 17
1745378986975 0.4997115011733342 18
1745378986976 0.4997014561624309 19
1745378986977 0.4996906624822804 20
1745378986977 0.4996770597875083 21
1745378986978 0.49966377972442666 22
1745378986979 0.49965124486144585 23
1745378986979 0.4996329075819591 24
1745378986980 0.49961604928532644 25
1745378986981 0.4996055598524153 26
1745378986982 0.4995967729655653 27
1745378986982 0.4995853327712772 28
1745378986983 0.49956892807654535 29
1745378986984 0.4995504110051844 30
1745378986985 0.49953423808939024 31
1745378986985 0.4995117490320625 32
1745378986986 0.4995056415050061 33
1745378986987 0.49949006520449657 34
1745378986988 0.49948572015822845 35
1745378986988 0.4994731168459073 36
1745378986989 0.4994600761450071 37
1745378986990 0.49945127625899316 38
1745378986990 0.4994318684721089 39
1745378986991 0.4994209367229227 40
1745378986992 0.49940577151338567 41
1745378986993 0.4993904954128221 42
1745378986993 0.49937636290889315 43
1745378986994 0.49936249831457574 44
1745378986995 0.49934443440042164 45
1745378986995 0.49932700088521353 46
1745378986996 0.49930771814664293 47
1745378986997 0.4992867669284535 48
1745378986998 0.4992743742056965 49
1745378986998 0.49926204075240754 50
1745378986999 0.4992463076042619 51
1745378987000 0.49923642817888775 52
1745378987000 0.4992206805036879 53
1745378987001 0.4992037709727843 54
1745378987002 0.4991936482117121 55
1745378987003 0.4991864277246508 56
1745378987004 0.4991734611869122 57
1745378987004 0.4991639204011894 58
1745378987005 0.4991507337543748 59
1745378987006 0.4991374428597673 60
1745378987007 0.49912955637603734 61
1745378987007 0.49911699176199714 62
1745378987008 0.4990997110467593 63
1745378987009 0.49907623760008835 64
1745378987009 0.49906405793517283 65
1745378987010 0.49904979353779466 66
1745378987011 0.4990374711253447 67
1745378987012 0.49902337601004837 68
1745378987012 0.4990062469417012 69
1745378987013 0.4989969920806644 70
1745378987014 0.4989799021687365 71
1745378987014 0.4989621804501918 72
1745378987015 0.4989527728120546 73
1745378987016 0.49894376793654105 74
1745378987017 0.49893133959952574 75
1745378987017 0.4989179621845373 76
1745378987018 0.49890156650472495 77
1745378987019 0.49888717494272466 78
1745378987019 0.49887038218900753 79
1745378987020 0.49886415476385804 80
1745378987021 0.4988413080294938 81
1745378987022 0.4988335702309831 82
1745378987023 0.49881595525849726 83
1745378987023 0.4988029245701941 84
1745378987024 0.4987915757501107 85
1745378987025 0.4987799710782504 86
1745378987025 0.4987660230623741 87
1745378987026 0.4987449501446483 88
1745378987027 0.49873409785139966 89
1745378987027 0.49872123780158206 90
1745378987028 0.4987084648481732 91
1745378987029 0.4986969615911543 92
1745378987030 0.4986895618647043 93
1745378987030 0.4986833307649463 94
1745378987031 0.49866404897825906 95
1745378987032 0.49865337526933423 96
1745378987032 0.4986453202741655 97
1745378987033 0.49862839777039863 98
1745378987034 0.4986153081613581 99
