1745378987105 0.49998140458125623 0
1745378987106 0.4999655761248991 1
1745378987107 0.4999435824134201 2
1745378987107 0.49992968065202237 3
1745378987108 0.4999214822323248 4
1745378987109 0.49989570706319064 5
1745378987109 0.4998798295716569 6
1745378987110 0.4998652332307771 7
1745378987111 0.4998525706909969 8
1745378987112 0.499832495675534 9
1745378987112 0.4998206406548992 10
1745378987113 0.49979683790180834 11
1745378987114 0.49978715433835985 12
1745378987114 0.4997624345772713 13
1745378987115 0.49974678298413755 14
1745378987116 0.49973364062909037 15
1745378987117 0.49972318345699457 16
1745378987117 0.49970319033239036 17
1745378987118 0.49968003737118094 18
1745378987119 0.4996688151810691 19
1745378987119 0.499655731757991 20
1745378987120 0.4996404599432647 21
1745378987121 0.4996250332030654 22
1745378987122 0.49961050025328996 23
1745378987122 0.49958998403374105 24
1745378987123 0.49957129739698025 25
1745378987124 0.49955929566107693 26
1745378987124 0.4995484781222418 27
1745378987125 0.49953537593200803 28
1745378987126 0.4995174844299629 29
1745378987127 0.499496051418297 30
1745378987127 0.4994785524456948 31
1745378987128 0.4994532160606608 32
1745378987129 0.4994457571294531 33
1745378987129 0.4994279605318606 34
1745378987130 0.499422432381697 35
1745378987131 0.4994085152562708 36
1745378987132 0.49939367594599726 37
1745378987132 0.4993835742123798 38
1745378987133 0.499361327111423 39
1745378987134 0.49934792486727236 40
1745378987134 0.49933084539525213 41
1745378987135 0.4993131778949499 42
1745378987136 0.49929699921265247 43
1745378987137 0.4992810109684616 44
1745378987137 0.49926042442981156 45
1745378987138 0.4992401602113992 46
1745378987139 0.49921825138282033 47
1745378987139 0.49919443667910995 48
1745378987140 0.49917954744312915 49
1745378987141 0.49916548262022437 50
1745378987144 0.4991465532398969 51
1745378987145 0.4991349535880983 52
1745378987146 0.4991173979120329 53
1745378987147 0.49909761006776243 54
1745378987148 0.4990863312277198 55
1745378987148 0.4990782400091737 56
1745378987149 0.49906299789592623 57
1745378987150 0.4990517223994434 58
1745378987150 0.499035983039923 59
1745378987151 0.49902079002026467 60
1745378987152 0.49901112295378 61
1745378987153 0.4989956473751739 62
1745378987154 0.49897532922398297 63
1745378987155 0.4989492035241425 64
1745378987155 0.4989348930398747 65
1745378987157 0.4989189433752373 66
1745378987157 0.49890480842985213 67
1745378987158 0.4988892290864885 68
1745378987159 0.49886904215704647 69
1745378987160 0.49885813351899383 70
1745378987161 0.49883891626950355 71
1745378987162 0.4988186264950782 72
1745378987162 0.4988068951572478 73
1745378987163 0.4987956460111961 74
1745378987164 0.4987812468995154 75
1745378987165 0.49876595706041904 76
1745378987166 0.49874653654925527 77
1745378987166 0.4987290630473197 78
1745378987167 0.49870823696453126 79
1745378987168 0.4987004980488494 80
1745378987169 0.49867447074439375 81
1745378987170 0.49866548222567886 82
1745378987170 0.4986450350095704 83
1745378987171 0.4986292415576056 84
1745378987172 0.4986158623803034 85
1745378987172 0.4986014979008585 86
1745378987173 0.4985845414927229 87
1745378987174 0.4985598975769058 88
1745378987175 0.49854758849967273 89
1745378987175 0.4985317027565092 90
1745378987176 0.4985161520078778 91
1745378987177 0.49850263968955727 92
1745378987178 0.49849341641500594 93
1745378987178 0.49848529828615484 94
1745378987179 0.4984626714318991 95
1745378987180 0.4984497040532157 96
1745378987180 0.4984398895421624 97
1745378987181 0.4984195069142245 98
1745378987182 0.49840427521266045 99
