1745378987270 0.5045954236776675 0
1745378987271 0.507508297768674 1
1745378987272 0.5102268192493034 2
1745378987272 0.5111138796065738 3
1745378987273 0.5115402897772244 4
1745378987274 0.5129735554624449 5
1745378987274 0.5144176980198727 6
1745378987275 0.5149303638624149 7
1745378987276 0.5156251333914796 8
1745378987279 0.5168933704089433 9
1745378987279 0.5172506199296625 10
1745378987280 0.5190418996913866 11
1745378987281 0.5191263289381755 12
1745378987284 0.5205588551833241 13
1745378987285 0.5213093399874291 14
1745378987285 0.5217149486951024 15
1745378987286 0.5220014601135285 16
1745378987287 0.52262185312452 17
1745378987287 0.5236005270535682 18
1745378987288 0.5239518341911185 19
1745378987289 0.5239967156659764 20
1745378987292 0.5244435093762754 21
1745378987293 0.5247298075627099 22
1745378987296 0.5251622895107294 23
1745378987297 0.5260564792271725 24
1745378987297 0.5268477997639384 25
1745378987298 0.5272770874008473 26
1745378987299 0.5274086849366981 27
1745378987299 0.5278328306213473 28
1745378987300 0.5288286905632973 29
1745378987301 0.5294626151619797 30
1745378987310 0.5303959764709203 31
1745378987311 0.5312906098295314 32
1745378987312 0.5313298401628583 33
1745378987313 0.5317286503000097 34
1745378987316 0.5318123484630057 35
1745378987317 0.5324245363204578 36
1745378987318 0.5328448735699853 37
1745378987319 0.5329669796071976 38
1745378987319 0.533605502231248 39
1745378987320 0.5337314614974876 40
1745378987321 0.5341798699759033 41
1745378987329 0.5345758154562157 42
1745378987330 0.5350541718481718 43
1745378987331 0.5353720913570924 44
1745378987332 0.5359939154449366 45
1745378987332 0.5364573036942052 46
1745378987333 0.5371014872160703 47
1745378987334 0.5376582473026073 48
1745378987335 0.5378648785556922 49
1745378987335 0.5383593639443737 50
1745378987336 0.5386529897219202 51
1745378987337 0.5388868946573692 52
1745378987341 0.5393796813588922 53
1745378987342 0.5397581402002573 54
1745378987343 0.5401131599819708 55
1745378987344 0.5402619367244499 56
1745378987344 0.5406362794733731 57
1745378987345 0.5409038756260078 58
1745378987346 0.5410968344940371 59
1745378987346 0.5413367152877715 60
1745378987347 0.5413948843932218 61
1745378987348 0.5415542189317981 62
1745378987348 0.5419846561414556 63
1745378987357 0.5427449710172518 64
1745378987358 0.5429857323046737 65
1745378987359 0.5435005055451709 66
1745378987359 0.5436942597753417 67
1745378987360 0.5442540643068429 68
1745378987361 0.5446022629835812 69
1745378987367 0.5447413727424362 70
1745378987367 0.5453132762253952 71
1745378987368 0.5458719434060654 72
1745378987369 0.5459449320255612 73
1745378987373 0.546034994582569 74
1745378987374 0.5464087006042777 75
1745378987375 0.5467258456573795 76
1745378987375 0.5470680713133423 77
1745378987376 0.547219251773557 78
1745378987377 0.5474787239479346 79
1745378987378 0.5475665959598233 80
1745378987378 0.5482541470169056 81
1745378987379 0.5483627265039444 82
1745378987380 0.5488419264894597 83
1745378987380 0.5490304062356597 84
1745378987396 0.549246982867087 85
1745378987397 0.5493852826543748 86
1745378987398 0.5496337937812523 87
1745378987398 0.550145888490558 88
1745378987399 0.5504255292007113 89
1745378987400 0.5505139133768814 90
1745378987400 0.5507273763787287 91
1745378987413 0.5509636253817058 92
1745378987414 0.5510342217085058 93
1745378987415 0.5510653269291967 94
1745378987415 0.5515905367341196 95
1745378987416 0.5517670502918235 96
1745378987422 0.5518555261526874 97
1745378987422 0.5520955289655962 98
1745378987423 0.5523737190613289 99
