1745378986819 0.49739875 0
1745378986820 0.4955425 1
1745378986821 0.49384875 2
1745378986821 0.493535 3
1745378986822 0.49288125 4
1745378986823 0.4923625 5
1745378986823 0.4910725 6
1745378986824 0.4905925 7
1745378986825 0.490065 8
1745378986825 0.4895275 9
1745378986826 0.48932125 10
1745378986827 0.4878775 11
1745378986828 0.487705 12
1745378986828 0.48693875 13
1745378986829 0.48633375 14
1745378986830 0.48646875 15
1745378986831 0.48635 16
1745378986831 0.4860525 17
1745378986832 0.48547125 18
1745378986833 0.4851925 19
1745378986833 0.48517125 20
1745378986834 0.4849125 21
1745378986835 0.48497 22
1745378986835 0.4843875 23
1745378986836 0.48357125 24
1745378986837 0.48297 25
1745378986838 0.48291125 26
1745378986838 0.48269625 27
1745378986839 0.48250125 28
1745378986840 0.481755 29
1745378986840 0.4813025 30
1745378986841 0.480815 31
1745378986842 0.48034375 32
1745378986843 0.48037375 33
1745378986843 0.4802275 34
1745378986844 0.47993 35
1745378986845 0.4799525 36
1745378986845 0.4796475 37
1745378986846 0.47948125 38
1745378986847 0.47909 39
1745378986848 0.47919125 40
1745378986848 0.4790375 41
1745378986849 0.47877375 42
1745378986850 0.47854625 43
1745378986850 0.47823375 44
1745378986851 0.47804875 45
1745378986852 0.47757125 46
1745378986853 0.47720125 47
1745378986854 0.4769725 48
1745378986854 0.4768075 49
1745378986855 0.47618375 50
1745378986856 0.47622125 51
1745378986856 0.47604875 52
1745378986857 0.4759025 53
1745378986858 0.47546 54
1745378986858 0.4752675 55
1745378986859 0.47510125 56
1745378986860 0.47480125 57
1745378986861 0.47452625 58
1745378986861 0.47437625 59
1745378986862 0.47419125 60
1745378986863 0.47422375 61
1745378986863 0.4740675 62
1745378986864 0.47392875 63
1745378986865 0.47325 64
1745378986865 0.4732075 65
1745378986866 0.47272125 66
1745378986867 0.47250375 67
1745378986868 0.47210875 68
1745378986868 0.47214 69
1745378986869 0.47198625 70
1745378986870 0.4717275 71
1745378986870 0.47141375 72
1745378986871 0.4711225 73
1745378986872 0.47105 74
1745378986872 0.470845 75
1745378986873 0.47048625 76
1745378986874 0.47037625 77
1745378986875 0.47019625 78
1745378986875 0.47023 79
1745378986876 0.47015 80
1745378986877 0.46962125 81
1745378986877 0.4695725 82
1745378986878 0.46917875 83
1745378986879 0.46916625 84
1745378986879 0.46900875 85
1745378986880 0.46894625 86
1745378986881 0.46887375 87
1745378986882 0.468315 88
1745378986882 0.46822375 89
1745378986883 0.46808 90
1745378986884 0.468115 91
1745378986884 0.4679875 92
1745378986885 0.468015 93
1745378986886 0.4681225 94
1745378986887 0.467825 95
1745378986887 0.4677225 96
1745378986888 0.46774 97
1745378986889 0.4674675 98
1745378986890 0.46735625 99
