1745386628846 0.4999955717561064 0
1745386628847 0.4999898678205242 1
1745386628848 0.49998426568036436 2
1745386628849 0.4999804026717914 3
1745386628849 0.4999762426238379 4
1745386628850 0.4999719912710427 5
1745386628851 0.4999673390838332 6
1745386628851 0.49996373396637633 7
1745386628852 0.4999594429516697 8
1745386628853 0.49995502601963143 9
1745386628854 0.4999511769448701 10
1745386628855 0.49994650754812137 11
1745386628855 0.4999430212688593 12
1745386628856 0.499939154673482 13
1745386628857 0.4999350103764693 14
1745386628858 0.4999308298134305 15
1745386628858 0.49992734999882643 16
1745386628859 0.49992368300771656 17
1745386628860 0.49992081041609454 18
1745386628861 0.49991696492141 19
1745386628861 0.49991352436464326 20
1745386628862 0.49990962584220444 21
1745386628863 0.49990500169231117 22
1745386628864 0.499900648236124 23
1745386628864 0.4998963407978387 24
1745386628865 0.4998931522279829 25
1745386628866 0.49988981627233975 26
1745386628867 0.49988675160408697 27
1745386628867 0.49988366008845275 28
1745386628868 0.4998805849044762 29
1745386628869 0.4998773958192986 30
1745386628869 0.49987372280538844 31
1745386628870 0.4998696542928394 32
1745386628871 0.49986682051889947 33
1745386628872 0.4998638028758558 34
1745386628872 0.49986081543982624 35
1745386628873 0.4998581584347565 36
1745386628874 0.4998539623478731 37
1745386628875 0.49985124455750535 38
1745386628875 0.49984792112344456 39
1745386628876 0.4998452258201357 40
1745386628877 0.49984317104547765 41
1745386628878 0.499840621330908 42
1745386628878 0.4998371835100401 43
1745386628879 0.4998347331584535 44
1745386628880 0.4998316341783357 45
1745386628881 0.4998283622135323 46
1745386628881 0.499826381465006 47
1745386628882 0.4998235318656482 48
1745386628883 0.49982040981871895 49
1745386628884 0.4998176009467971 50
1745386628885 0.49981501502366227 51
1745386628885 0.49981089335763146 52
1745386628886 0.4998079405383398 53
1745386628887 0.4998060773810783 54
1745386628888 0.499802542516448 55
1745386628888 0.4997987475540874 56
1745386628889 0.4997948914382557 57
1745386628890 0.49979161266000655 58
1745386628891 0.49978956269274194 59
1745386628892 0.499786792918946 60
1745386628892 0.4997848864771014 61
1745386628893 0.49978078846534324 62
1745386628894 0.49977770290038875 63
1745386628895 0.49977462200530415 64
1745386628895 0.4997719501764769 65
1745386628897 0.499769187993223 66
1745386628898 0.49976735804832245 67
1745386628899 0.4997640359897295 68
1745386628900 0.49976085148284527 69
1745386628900 0.4997589970269636 70
1745386628901 0.4997566737354615 71
1745386628902 0.4997539779397522 72
1745386628902 0.49975074240390144 73
1745386628903 0.4997486491646361 74
1745386628904 0.49974587193215164 75
1745386628905 0.49974208647896995 76
1745386628906 0.4997398429192797 77
1745386628906 0.4997371467144333 78
1745386628907 0.4997340172901562 79
1745386628908 0.49973111801328696 80
1745386628908 0.4997272100442363 81
1745386628909 0.4997243146782816 82
1745386628910 0.4997211097028833 83
1745386628911 0.4997179392036176 84
1745386628911 0.49971581857201997 85
1745386628912 0.4997129854791517 86
1745386628913 0.49970999941367417 87
1745386628914 0.49970770582705604 88
1745386628914 0.4997059784311834 89
1745386628915 0.4997040617778633 90
1745386628916 0.4997018693357465 91
1745386628920 0.4996995048922597 92
1745386628921 0.499695703364813 93
1745386628921 0.4996933976817034 94
1745386628922 0.49969166189042735 95
1745386628923 0.4996899094775499 96
1745386628923 0.4996882980828364 97
1745386628924 0.49968576676975307 98
1745386628925 0.4996821390792245 99
