1745386628694 0.4972025 0
1745386628694 0.49642 1
1745386628696 0.4948275 2
1745386628696 0.494505 3
1745386628697 0.494605 4
1745386628699 0.4943475 5
1745386628699 0.4936 6
1745386628700 0.493035 7
1745386628701 0.4925125 8
1745386628702 0.4921725 9
1745386628702 0.49229875 10
1745386628703 0.49239875 11
1745386628704 0.49232875 12
1745386628705 0.4920375 13
1745386628705 0.49139625 14
1745386628706 0.49161125 15
1745386628707 0.49151875 16
1745386628708 0.491485 17
1745386628708 0.4911375 18
1745386628709 0.4910375 19
1745386628710 0.49087125 20
1745386628711 0.490915 21
1745386628711 0.4906375 22
1745386628712 0.4907375 23
1745386628713 0.49044625 24
1745386628714 0.49045875 25
1745386628714 0.49054875 26
1745386628715 0.49045375 27
1745386628716 0.49032125 28
1745386628717 0.490225 29
1745386628718 0.49015125 30
1745386628718 0.489895 31
1745386628719 0.48951625 32
1745386628720 0.48962375 33
1745386628721 0.48956375 34
1745386628721 0.48955375 35
1745386628722 0.48930875 36
1745386628723 0.48897625 37
1745386628724 0.48905125 38
1745386628725 0.4888625 39
1745386628725 0.48859875 40
1745386628726 0.488455 41
1745386628727 0.488475 42
1745386628728 0.488265 43
1745386628728 0.48816375 44
1745386628729 0.488225 45
1745386628730 0.4880525 46
1745386628731 0.4879625 47
1745386628731 0.48792875 48
1745386628732 0.488015 49
1745386628733 0.487965 50
1745386628734 0.487945 51
1745386628734 0.4879525 52
1745386628735 0.4878675 53
1745386628736 0.487835 54
1745386628736 0.48764625 55
1745386628737 0.487325 56
1745386628738 0.48684875 57
1745386628739 0.48673625 58
1745386628740 0.48677875 59
1745386628740 0.486665 60
1745386628741 0.48659375 61
1745386628742 0.48662375 62
1745386628743 0.48633875 63
1745386628743 0.48639375 64
1745386628744 0.48627125 65
1745386628745 0.4862575 66
1745386628746 0.48628125 67
1745386628746 0.48621125 68
1745386628747 0.48609625 69
1745386628748 0.48600875 70
1745386628749 0.48596375 71
1745386628749 0.4858225 72
1745386628750 0.48576125 73
1745386628751 0.4858 74
1745386628751 0.48587875 75
1745386628752 0.48592125 76
1745386628753 0.485725 77
1745386628754 0.485595 78
1745386628755 0.4855125 79
1745386628755 0.48526375 80
1745386628756 0.48499 81
1745386628757 0.48465875 82
1745386628757 0.48454375 83
1745386628758 0.48444125 84
1745386628759 0.48454 85
1745386628760 0.4843825 86
1745386628760 0.48434 87
1745386628761 0.48430375 88
1745386628762 0.48425 89
1745386628763 0.4842425 90
1745386628763 0.484365 91
1745386628764 0.4842775 92
1745386628765 0.48402 93
1745386628766 0.4840525 94
1745386628766 0.4839625 95
1745386628767 0.48391375 96
1745386628768 0.48381625 97
1745386628769 0.483835 98
1745386628769 0.4834725 99
