1745386628530 0.6931383185177297 0
1745386628530 0.6931269053921103 1
1745386628531 0.6931157178639621 2
1745386628532 0.693107979362309 3
1745386628533 0.6930996535307914 4
1745386628534 0.6930911548532546 5
1745386628535 0.6930818454910069 6
1745386628535 0.6930746328925341 7
1745386628536 0.6930660529659688 8
1745386628537 0.693057219587639 9
1745386628537 0.693049517481178 10
1745386628538 0.693040176268965 11
1745386628539 0.6930332010242343 12
1745386628540 0.693025468710512 13
1745386628540 0.6930171733998507 14
1745386628541 0.6930088086175173 15
1745386628542 0.6930018470176309 16
1745386628543 0.6929945078913867 17
1745386628543 0.6929887621315569 18
1745386628544 0.692981063920483 19
1745386628545 0.6929741775086522 20
1745386628545 0.6929663705313951 21
1745386628546 0.6929571199399233 22
1745386628547 0.6929484082640708 23
1745386628548 0.6929397820135206 24
1745386628548 0.6929333980466426 25
1745386628549 0.6929267201595009 26
1745386628550 0.692920585399419 27
1745386628551 0.6929143928851187 28
1745386628551 0.6929082305642963 29
1745386628552 0.6929018436434865 30
1745386628553 0.6928944940114766 31
1745386628553 0.6928863597631455 32
1745386628554 0.6928806846367568 33
1745386628555 0.6928746451567859 34
1745386628556 0.6928686597906053 35
1745386628556 0.6928633390306681 36
1745386628557 0.6928549408173561 37
1745386628558 0.6928494945509732 38
1745386628559 0.6928428510849923 39
1745386628559 0.6928374545087665 40
1745386628560 0.6928333383496106 41
1745386628561 0.6928282286924123 42
1745386628562 0.6928213435641676 43
1745386628562 0.6928164414083212 44
1745386628563 0.6928102306588739 45
1745386628564 0.6928036869647354 46
1745386628564 0.6927997055563331 47
1745386628565 0.6927940060379356 48
1745386628566 0.6927877453231066 49
1745386628567 0.6927821155041456 50
1745386628567 0.6927769281309099 51
1745386628568 0.6927686727612465 52
1745386628569 0.6927627570652589 53
1745386628570 0.6927590098390728 54
1745386628570 0.6927519349052011 55
1745386628571 0.69274433804743 56
1745386628572 0.6927366241535544 57
1745386628573 0.6927300633220375 58
1745386628573 0.6927259522785246 59
1745386628574 0.6927203991845623 60
1745386628575 0.6927165814071149 61
1745386628576 0.6927083689097315 62
1745386628576 0.6927021732103824 63
1745386628577 0.6926960076558217 64
1745386628578 0.6926906529304012 65
1745386628579 0.69268512625359 66
1745386628579 0.6926814442419633 67
1745386628580 0.6926747937787324 68
1745386628581 0.6926684241065756 69
1745386628581 0.6926647136073559 70
1745386628582 0.6926600555673241 71
1745386628583 0.6926546591442451 72
1745386628584 0.6926481800423935 73
1745386628584 0.6926439855174721 74
1745386628585 0.6926384111636504 75
1745386628586 0.6926308360280842 76
1745386628587 0.6926263334926218 77
1745386628587 0.6926209241179376 78
1745386628588 0.6926146668064594 79
1745386628589 0.6926088381947577 80
1745386628589 0.6926010213759541 81
1745386628590 0.6925952282960713 82
1745386628591 0.6925888087718933 83
1745386628592 0.6925824651693553 84
1745386628592 0.6925781837072968 85
1745386628593 0.692572513599582 86
1745386628594 0.6925665320059657 87
1745386628595 0.6925619365466014 88
1745386628596 0.6925584649679065 89
1745386628597 0.6925546222021058 90
1745386628598 0.6925502121103928 91
1745386628598 0.69254547788769 92
1745386628599 0.6925378666109592 93
1745386628600 0.6925332390635088 94
1745386628601 0.6925297620631009 95
1745386628603 0.6925262486007064 96
1745386628603 0.6925229982341081 97
1745386628604 0.6925179202599451 98
1745386628605 0.6925106693341211 99
