1745386629004 0.49999544711042193 0
1745386629005 0.49998947108983993 1
1745386629006 0.49998362805970015 2
1745386629007 0.49997948050811886 3
1745386629007 0.49997495430342853 4
1745386629008 0.49997031998690217 5
1745386629009 0.4999652623006701 6
1745386629010 0.49996143818046895 7
1745386629010 0.4999568858408555 8
1745386629011 0.49995216933321207 9
1745386629012 0.4999480401545018 10
1745386629012 0.4999429788113758 11
1745386629013 0.49993903830334546 12
1745386629014 0.49993482300732284 13
1745386629015 0.4999301769158989 14
1745386629015 0.49992547744087873 15
1745386629016 0.49992158065266906 16
1745386629017 0.49991751653347166 17
1745386629018 0.4999143032771721 18
1745386629018 0.4999097443460301 19
1745386629019 0.4999059187337756 20
1745386629020 0.4999014779336378 21
1745386629020 0.4998963995533064 22
1745386629021 0.4998915201467648 23
1745386629022 0.4998866949887574 24
1745386629023 0.49988303913883864 25
1745386629023 0.4998792664077878 26
1745386629024 0.49987570580977947 27
1745386629025 0.49987226473242047 28
1745386629026 0.4998686187785119 29
1745386629026 0.49986504602570087 30
1745386629027 0.49986087765861303 31
1745386629028 0.49985656769428405 32
1745386629028 0.4998532168311626 33
1745386629029 0.49984966352015736 34
1745386629030 0.4998461962563172 35
1745386629031 0.49984327063806355 36
1745386629031 0.49983858319714664 37
1745386629032 0.4998352711162344 38
1745386629033 0.49983173880696297 39
1745386629034 0.4998286829275265 40
1745386629034 0.4998264937274158 41
1745386629035 0.4998235402296111 42
1745386629036 0.49981959627050904 43
1745386629036 0.4998168685547635 44
1745386629037 0.49981314711250363 45
1745386629038 0.4998095300693065 46
1745386629039 0.49980707847099753 47
1745386629039 0.49980396613590417 48
1745386629040 0.49980029160037637 49
1745386629041 0.4997968766953051 50
1745386629041 0.4997938535608351 51
1745386629042 0.49978902530197056 52
1745386629043 0.49978566907398403 53
1745386629044 0.4997834699893743 54
1745386629044 0.49977969280004503 55
1745386629045 0.4997752896280959 56
1745386629046 0.4997711743446812 57
1745386629047 0.4997674307831749 58
1745386629047 0.499764886610955 59
1745386629048 0.4997617161547765 60
1745386629049 0.4997596614852175 61
1745386629050 0.49975483856394887 62
1745386629050 0.4997513337540999 63
1745386629051 0.49974754327833654 64
1745386629052 0.49974427917521447 65
1745386629052 0.49974123251181096 66
1745386629053 0.4997390460554138 67
1745386629054 0.49973518802337347 68
1745386629055 0.49973171863265337 69
1745386629055 0.49972963344477117 70
1745386629056 0.4997269770976901 71
1745386629057 0.4997240674559772 72
1745386629058 0.499720311300531 73
1745386629058 0.4997179784310609 74
1745386629059 0.4997147364167497 75
1745386629060 0.4997104259716719 76
1745386629061 0.4997077632674947 77
1745386629061 0.49970459216844293 78
1745386629062 0.49970118674557656 79
1745386629066 0.49969801001299174 80
1745386629067 0.4996938913325593 81
1745386629067 0.49969044540204105 82
1745386629068 0.4996865629061684 83
1745386629069 0.4996830068160221 84
1745386629070 0.4996803071882948 85
1745386629070 0.49967713055871427 86
1745386629071 0.49967369256600735 87
1745386629072 0.49967101452622564 88
1745386629073 0.49966891154576093 89
1745386629074 0.4996665959766507 90
1745386629074 0.4996641194612533 91
1745386629075 0.49966139740131793 92
1745386629076 0.4996569693766907 93
1745386629077 0.4996542979694158 94
1745386629077 0.4996524761082232 95
1745386629078 0.49965036678720265 96
1745386629079 0.49964841105148194 97
1745386629079 0.49964550506703553 98
1745386629080 0.4996416569541767 99
