1745386629163 0.5039240824361617 0
1745386629164 0.5058248437563425 1
1745386629164 0.5082390172602692 2
1745386629165 0.5087116408069272 3
1745386629166 0.5087628575933232 4
1745386629167 0.5094234736933893 5
1745386629167 0.5101476791089035 6
1745386629168 0.5106630658786685 7
1745386629169 0.5113653938665912 8
1745386629170 0.5119149891335901 9
1745386629171 0.5121865431347014 10
1745386629172 0.5126237862956495 11
1745386629173 0.5125859803047952 12
1745386629173 0.5128428047717667 13
1745386629174 0.5132146895470439 14
1745386629175 0.5133283886979662 15
1745386629176 0.5135253589713497 16
1745386629176 0.5138181851307982 17
1745386629177 0.5139757858432754 18
1745386629178 0.5138933849059137 19
1745386629179 0.5141072939559015 20
1745386629180 0.5142988294966347 21
1745386629180 0.5147107589740054 22
1745386629181 0.5149478662433092 23
1745386629182 0.5152396413393826 24
1745386629183 0.5152890128648672 25
1745386629183 0.515543168126491 26
1745386629184 0.5156533144588301 27
1745386629185 0.5158364711988367 28
1745386629186 0.5158916631197926 29
1745386629187 0.5159749031797279 30
1745386629187 0.5161561431743886 31
1745386629188 0.5167438126043402 32
1745386629189 0.5168187313010968 33
1745386629190 0.5168800945490662 34
1745386629190 0.5168950074239835 35
1745386629191 0.5170585657976714 36
1745386629192 0.5174370200534187 37
1745386629193 0.5174537874736302 38
1745386629193 0.5177933017625789 39
1745386629194 0.5180669042716458 40
1745386629195 0.5182213820315227 41
1745386629196 0.518316736251545 42
1745386629197 0.518563982448041 43
1745386629198 0.5187512426164643 44
1745386629198 0.5188104622688989 45
1745386629199 0.5190670295544063 46
1745386629200 0.5191307860606186 47
1745386629201 0.5193577931371375 48
1745386629202 0.5194156216915388 49
1745386629202 0.5194910425668384 50
1745386629203 0.5195277704130451 51
1745386629204 0.5197534990416245 52
1745386629205 0.5198581812631637 53
1745386629205 0.5198744684111003 54
1745386629206 0.520122605192713 55
1745386629207 0.5202922339433305 56
1745386629208 0.520731109696263 57
1745386629208 0.5208440504278039 58
1745386629209 0.5208308804855878 59
1745386629210 0.5209186465992919 60
1745386629211 0.5210928713662362 61
1745386629211 0.5212519612955784 62
1745386629212 0.5214415073565302 63
1745386629213 0.5214511887927165 64
1745386629214 0.5215356145223891 65
1745386629214 0.5216852641594958 66
1745386629215 0.5217197704476026 67
1745386629216 0.5218380830148663 68
1745386629217 0.5221450430735836 69
1745386629218 0.5222821639315081 70
1745386629218 0.52238223162108 71
1745386629219 0.5226700951107713 72
1745386629220 0.522730339304684 73
1745386629220 0.5228015222983301 74
1745386629221 0.5228686105510665 75
1745386629222 0.5230510978530157 76
1745386629223 0.5231054807701729 77
1745386629223 0.5232523208268153 78
1745386629224 0.5234726112289915 79
1745386629225 0.5237180659614958 80
1745386629226 0.5241431713904625 81
1745386629227 0.5242616139172095 82
1745386629227 0.5244189673482308 83
1745386629228 0.5245928062992289 84
1745386629229 0.5246526609428173 85
1745386629229 0.5247790182542794 86
1745386629230 0.5248506396201654 87
1745386629231 0.5248663309238558 88
1745386629232 0.5249017617783576 89
1745386629233 0.5249560309735452 90
1745386629234 0.5250519485221615 91
1745386629234 0.5251399034235227 92
1745386629235 0.5253843965708515 93
1745386629236 0.5254384888033917 94
1745386629236 0.5255152794017068 95
1745386629237 0.5255423066804613 96
1745386629238 0.5255555241227169 97
1745386629239 0.5256477085557248 98
1745386629240 0.5259824886657316 99
