1745386512194 0.5039240824361617 0
1745386512195 0.5057918309413543 1
1745386512195 0.50788091728397 2
1745386512196 0.5086794070707126 3
1745386512197 0.5085638416369863 4
1745386512198 0.509058105320413 5
1745386512198 0.5093476158677258 6
1745386512199 0.5098553942780306 7
1745386512200 0.5101690422423166 8
1745386512201 0.5104748378219391 9
1745386512201 0.5106147216040393 10
1745386512202 0.5107306523693198 11
1745386512203 0.5107975964938112 12
1745386512204 0.511047568501952 13
1745386512204 0.5114954803686586 14
1745386512205 0.5119813045263081 15
1745386512206 0.5119488076961244 16
1745386512207 0.512128918689845 17
1745386512207 0.5121535941197661 18
1745386512208 0.5119920347289927 19
1745386512209 0.5120759790270144 20
1745386512210 0.5119683670467856 21
1745386512210 0.5120254061286545 22
1745386512211 0.5121371137029186 23
