1745386512039 0.6931453706281632 0
1745386512041 0.6931429697365313 1
1745386512042 0.6931405957702548 2
1745386512043 0.6931386687099188 3
1745386512043 0.6931367801508308 4
1745386512044 0.6931348431122303 5
1745386512045 0.6931328507900983 6
1745386512046 0.6931306856388598 7
1745386512047 0.6931286376713216 8
1745386512047 0.6931269438560307 9
1745386512048 0.6931252878497541 10
1745386512049 0.693123435447216 11
1745386512050 0.6931214356874674 12
1745386512051 0.6931194284326583 13
1745386512051 0.6931176057572663 14
1745386512052 0.6931154791834205 15
1745386512053 0.6931137698246539 16
1745386512054 0.6931120851651579 17
1745386512054 0.6931107394366711 18
1745386512055 0.6931089163121581 19
1745386512056 0.6931072097484767 20
1745386512057 0.6931056548430771 21
1745386512058 0.6931038754750043 22
1745386512058 0.6931020458426327 23
