1745386512116 0.4999990934504173 0
1745386512117 0.49999789343799944 1
1745386512118 0.4999967070270299 2
1745386512119 0.4999957449677583 3
1745386512119 0.49999480273548197 4
1745386512120 0.49999382896398203 5
1745386512121 0.4999928371116608 6
1745386512122 0.49999175121374423 7
1745386512123 0.4999907277898921 8
1745386512123 0.4999898821733525 9
1745386512124 0.4999890545482213 10
1745386512125 0.49998812796976544 11
1745386512126 0.4999871271942288 12
1745386512126 0.49998612534364517 13
1745386512127 0.49998521295690834 14
1745386512128 0.49998414860357004 15
1745386512129 0.4999832958530778 16
1745386512130 0.49998245327631785 17
1745386512131 0.49998178117040304 18
1745386512132 0.49998086837219996 19
1745386512133 0.4999800159821933 20
1745386512134 0.49997923806231 21
1745386512134 0.4999783471009678 22
1745386512135 0.499977433697162 23
