1745386512078 0.4972025 0
1745386512079 0.4964275 1
1745386512079 0.49521 2
1745386512080 0.49456875 3
1745386512081 0.4946425 4
1745386512082 0.49457375 5
1745386512083 0.494295 6
1745386512083 0.493745 7
1745386512084 0.49364125 8
1745386512085 0.4937025 9
1745386512086 0.49363 10
1745386512087 0.49360125 11
1745386512087 0.4931425 12
1745386512088 0.49288 13
1745386512089 0.492455 14
1745386512090 0.49241875 15
1745386512091 0.49238125 16
1745386512091 0.4923425 17
1745386512092 0.49228 18
1745386512093 0.49261125 19
1745386512094 0.4924925 20
1745386512095 0.49246 21
1745386512096 0.4925 22
1745386512096 0.4925025 23
