1745386512155 0.4999990890730545 0
1745386512156 0.49999787848923355 1
1745386512156 0.4999966815653816 2
1745386512157 0.49999570765390994 3
1745386512158 0.4999947456657514 4
1745386512159 0.49999375333134083 5
1745386512160 0.49999274224720897 6
1745386512161 0.4999916338031739 7
1745386512162 0.4999905829146132 8
1745386512162 0.4999897229712829 9
1745386512163 0.49998886633113027 10
1745386512164 0.49998791813828053 11
1745386512165 0.4999868807413429 12
1745386512165 0.4999858445403725 13
1745386512166 0.4999849080137536 14
1745386512167 0.4999838211749494 15
1745386512168 0.4999829266832396 16
1745386512170 0.49998205975085497 17
1745386512171 0.4999813649910688 18
1745386512173 0.49998039862558247 19
1745386512173 0.49997950619876386 20
1745386512174 0.49997867498833687 21
1745386512175 0.4999777382174134 22
1745386512176 0.4999767741952464 23
