1745378173928 0.49797625 0
1745378173929 0.49797625 1
1745378173930 0.49789875 2
1745378173930 0.49790375 3
1745378173931 0.49790375 4
1745378173932 0.4978875 5
1745378173933 0.4978875 6
1745378173934 0.49788 7
1745378173934 0.497875 8
1745378173935 0.497875 9
1745378173936 0.497875 10
1745378173937 0.497875 11
1745378173938 0.49746875 12
1745378173939 0.49769625 13
1745378173939 0.4976925 14
1745378173940 0.49744375 15
1745378173941 0.49745125 16
1745378173942 0.4974475 17
1745378173943 0.49725125 18
1745378173943 0.49725125 19
1745378173944 0.49725875 20
1745378173945 0.49717375 21
1745378173946 0.4973125 22
1745378173947 0.496905 23
1745378173948 0.496905 24
1745378173948 0.496875 25
1745378173951 0.49692875 26
1745378173953 0.49692875 27
1745378173954 0.496875 28
1745378173954 0.496875 29
1745378173955 0.496875 30
1745378173956 0.496875 31
1745378173957 0.4968775 32
1745378173958 0.4968775 33
1745378173959 0.4968775 34
1745378173960 0.4968775 35
1745378173960 0.49687875 36
1745378173961 0.49687875 37
1745378173962 0.4968775 38
