1745378174050 0.49999935275997964 0
1745378174051 0.49999872006144375 1
1745378174052 0.4999981133947149 2
1745378174052 0.49999748278573153 3
1745378174053 0.49999686334483323 4
1745378174054 0.49999626574739814 5
1745378174054 0.49999565151050684 6
1745378174055 0.49999507128413767 7
1745378174056 0.49999446626670657 8
1745378174057 0.4999939098048955 9
1745378174057 0.49999332241375 10
1745378174058 0.49999275225035844 11
1745378174059 0.4999921203350276 12
1745378174060 0.4999915359998494 13
1745378174060 0.4999910172616318 14
1745378174061 0.4999904008888826 15
1745378174062 0.49998985217936337 16
1745378174063 0.4999892956459895 17
1745378174063 0.4999887094545737 18
1745378174065 0.49998819083362817 19
1745378174066 0.4999875887444988 20
1745378174066 0.49998705187190323 21
1745378174067 0.49998650097917763 22
1745378174068 0.4999859294441342 23
1745378174068 0.49998539234615863 24
1745378174069 0.49998480516672134 25
1745378174070 0.49998430574342606 26
1745378174071 0.49998378265369686 27
1745378174071 0.49998322388231753 28
1745378174072 0.4999826873989403 29
1745378174073 0.4999821143101156 30
1745378174073 0.49998160747062415 31
1745378174074 0.49998112574253234 32
1745378174075 0.4999805557115376 33
1745378174076 0.4999800573012978 34
1745378174076 0.49997949726570395 35
1745378174077 0.4999789822928235 36
1745378174078 0.499978446463272 37
1745378174079 0.4999779588923976 38
