1745378174109 0.502448108721323 0
1745378174110 0.5024481085338223 1
1745378174111 0.5031496948178472 2
1745378174111 0.5031406578676647 3
1745378174112 0.5031503242575366 4
1745378174113 0.5031833989507029 5
1745378174114 0.5031837337956174 6
1745378174114 0.5031952659982291 7
1745378174115 0.5031976182532858 8
1745378174116 0.5031892383366385 9
1745378174116 0.5032032851729966 10
1745378174117 0.50318699625384 11
1745378174118 0.504709616834232 12
1745378174119 0.5047047622673467 13
1745378174119 0.5044898028790447 14
1745378174120 0.5049095339920888 15
1745378174121 0.504939590734133 16
1745378174121 0.5049226386189197 17
1745378174122 0.5049553718765234 18
1745378174123 0.5049638817686226 19
1745378174124 0.5049866651666185 20
1745378174124 0.5049876193011872 21
1745378174125 0.504984635568934 22
1745378174126 0.5050610672441557 23
1745378174126 0.5050196957940064 24
1745378174127 0.5050816486407423 25
1745378174128 0.5051213707664048 26
1745378174129 0.5050756865231297 27
1745378174130 0.5050764020318684 28
1745378174130 0.505085327425413 29
1745378174131 0.5051438655477718 30
1745378174132 0.5051789178696916 31
1745378174132 0.5051598339376884 32
1745378174133 0.5053150021367733 33
1745378174134 0.5052845971060178 34
1745378174134 0.5052656215087664 35
1745378174135 0.5052640581720788 36
1745378174136 0.5052664882992812 37
1745378174137 0.5052503706244703 38
