1745378173862 0.6931458925653994 0
1745378173863 0.6931446448311209 1
1745378173864 0.6931434423903375 2
1745378173865 0.6931422130583972 3
1745378173866 0.6931410307893157 4
1745378173866 0.6931398754774034 5
1745378173867 0.6931387116954476 6
1745378173868 0.6931376060900092 7
1745378173869 0.6931364763345569 8
1745378173870 0.6931354305422306 9
1745378173871 0.693134340641275 10
1745378173871 0.6931332955934107 11
1745378173872 0.6931320845066011 12
1745378173873 0.6931310273304582 13
1745378173874 0.6931300808866322 14
1745378173875 0.693128894006312 15
1745378173875 0.6931279028405994 16
1745378173876 0.6931269181814045 17
1745378173877 0.6931257997969538 18
1745378173878 0.6931248696566373 19
1745378173879 0.6931237531133742 20
1745378173880 0.6931228119331598 21
1745378173881 0.6931218422140926 22
1745378173881 0.6931207707051188 23
1745378173882 0.6931198418815434 24
1745378173883 0.6931187513852864 25
1745378173884 0.6931179013635218 26
1745378173885 0.6931170024400204 27
1745378173886 0.6931159839496761 28
1745378173887 0.6931150741695613 29
1745378173887 0.6931140281455219 30
1745378173888 0.6931131689931452 31
1745378173889 0.6931123688319698 32
1745378173890 0.6931113452859595 33
1745378173891 0.6931105152206496 34
1745378173892 0.693109512649104 35
1745378173892 0.69310866549097 36
1745378173893 0.6931077194802091 37
1745378173894 0.6931069380761683 38
