1745378173994 0.4999993551360941 0
1745378173995 0.4999987314986924 1
1745378173995 0.4999981339558783 2
1745378173996 0.49999752087064153 3
1745378173997 0.4999969240909825 4
1745378173998 0.499996347617634 5
1745378173998 0.4999957631481116 6
1745378173999 0.49999521377681083 7
1745378174000 0.49999464933030224 8
1745378174000 0.4999941293941574 9
1745378174001 0.49999358557561513 10
1745378174002 0.4999930654194071 11
1745378174003 0.4999924559180345 12
1745378174003 0.49999192706337364 13
1745378174004 0.4999914573811202 14
1745378174005 0.4999908645298229 15
1745378174006 0.4999903714857951 16
1745378174006 0.49998987677032425 17
1745378174007 0.4999893174908579 18
1745378174008 0.4999888584464527 19
1745378174008 0.49998829701013897 20
1745378174009 0.4999878294189592 21
1745378174010 0.4999873485750318 22
1745378174011 0.49998681346557355 23
1745378174011 0.4999863519165236 24
1745378174012 0.4999858122903903 25
1745378174013 0.4999853865706361 26
1745378174014 0.49998493979370673 27
1745378174014 0.4999844322704469 28
1745378174015 0.49998397855990095 29
1745378174016 0.4999834612071492 30
1745378174017 0.4999830367756167 31
1745378174017 0.4999826356422383 32
1745378174018 0.499982126927559 33
1745378174019 0.4999817179788843 34
1745378174020 0.4999812186731679 35
1745378174020 0.4999808013104553 36
1745378174021 0.49998032916237073 37
1745378174022 0.4999799420950121 38
