1745378411105 0.4999988578866975 0
1745378411106 0.4999977952134427 1
1745378411107 0.49999685057538534 2
1745378411107 0.49999600080025103 3
1745378411108 0.4999950247795152 4
1745378411109 0.49999427968742793 5
1745378411109 0.4999934280725986 6
1745378411110 0.4999927770186414 7
1745378411111 0.4999920108929999 8
1745378411112 0.49999143681955954 9
1745378411112 0.49999059315261046 10
1745378411113 0.4999897209537027 11
1745378411114 0.4999890834112653 12
1745378411114 0.49998814672396436 13
1745378411115 0.49998738101376095 14
1745378411116 0.4999866215801327 15
1745378411116 0.4999859266006519 16
1745378411117 0.4999846939986577 17
1745378411118 0.4999839965086916 18
1745378411119 0.49998336317310615 19
1745378411119 0.49998245557181054 20
1745378411120 0.499981821307201 21
1745378411121 0.4999813318705996 22
1745378411121 0.4999804755090675 23
1745378411122 0.4999797933183056 24
1745378411123 0.49997922701412084 25
1745378411124 0.4999786658440395 26
1745378411124 0.49997815282557073 27
1745378411125 0.4999773387053113 28
1745378411126 0.4999765536505501 29
1745378411126 0.49997582210216385 30
1745378411127 0.49997444699694765 31
1745378411128 0.4999737033155009 32
1745378411128 0.4999732435151311 33
1745378411129 0.49997240620199496 34
1745378411130 0.4999712760965673 35
1745378411130 0.49997046930898525 36
1745378411131 0.4999697983388526 37
1745378411132 0.49996888554140956 38
1745378411132 0.4999685440296363 39
1745378411133 0.4999678028264846 40
1745378411134 0.49996710526584937 41
1745378411135 0.49996632993350965 42
1745378411135 0.4999654595911393 43
1745378411136 0.4999642093906844 44
1745378411137 0.4999639749506939 45
1745378411138 0.4999629359271349 46
1745378411138 0.49996262759871657 47
1745378411139 0.49996162232927893 48
1745378411140 0.49996097568624814 49
1745378411140 0.49996013157434915 50
1745378411141 0.49995955607653014 51
1745378411142 0.49995934801020764 52
1745378411142 0.49995867448884157 53
1745378411143 0.4999583080508718 54
1745378411144 0.499957420296732 55
1745378411144 0.49995663992574646 56
1745378411145 0.4999556525230206 57
1745378411146 0.49995545921868995 58
1745378411146 0.4999546639552268 59
1745378411147 0.49995347891935726 60
1745378411148 0.4999526752206222 61
1745378411148 0.49995209589589745 62
1745378411149 0.4999511236428842 63
1745378411150 0.49995031383463406 64
1745378411151 0.499949411086984 65
1745378411151 0.4999493296581558 66
1745378411152 0.49994851233440657 67
1745378411153 0.4999483377336795 68
1745378411153 0.4999470062987796 69
1745378411154 0.4999462652323681 70
1745378411155 0.4999456570776467 71
1745378411155 0.49994558435484154 72
1745378411156 0.49994468708896306 73
1745378411157 0.49994423903686985 74
1745378411157 0.4999437899331337 75
1745378411158 0.4999429396956342 76
1745378411159 0.4999423199386124 77
1745378411159 0.4999421601653464 78
1745378411160 0.49994115966601044 79
1745378411161 0.49994041014966667 80
1745378411162 0.4999397101601154 81
1745378411162 0.4999388220482428 82
1745378411163 0.49993809508725257 83
1745378411164 0.4999372835011293 84
1745378411164 0.49993646322802515 85
1745378411165 0.4999356588077409 86
1745378411166 0.49993559142973815 87
1745378411166 0.49993476858153046 88
1745378411167 0.4999339430142709 89
1745378411168 0.4999331905453931 90
1745378411169 0.4999323109281841 91
1745378411169 0.49993157588891424 92
1745378411170 0.4999315120678721 93
1745378411171 0.4999307467375871 94
1745378411171 0.49993016992523603 95
1745378411172 0.4999295004212702 96
1745378411173 0.49992903359807933 97
1745378411173 0.4999289782520067 98
1745378411174 0.4999283031388788 99
