1745378410814 0.6931448882903158 0
1745378410815 0.6931427717743814 1
1745378410816 0.6931408640696108 2
1745378410817 0.6931391671185195 3
1745378410818 0.6931372005508095 4
1745378410818 0.6931357028739155 5
1745378410819 0.6931339756671712 6
1745378410820 0.6931326488148049 7
1745378410821 0.6931310731618479 8
1745378410822 0.6931299001546204 9
1745378410822 0.6931282001276314 10
1745378410823 0.6931264328818396 11
1745378410824 0.6931251287873462 12
1745378410825 0.6931232517778129 13
1745378410826 0.6931216866010428 14
1745378410827 0.6931201373639331 15
1745378410827 0.6931187050462887 16
1745378410828 0.6931162432060018 17
1745378410829 0.693114815538153 18
1745378410830 0.6931135055631399 19
1745378410831 0.6931116797273607 20
1745378410832 0.6931103785692155 21
1745378410832 0.6931093587476388 22
1745378410833 0.6931076476192847 23
1745378410834 0.6931062752207741 24
1745378410835 0.6931050849933177 25
1745378410836 0.6931039286544547 26
1745378410836 0.6931028428408503 27
1745378410837 0.6931012180738524 28
1745378410838 0.6930996380593255 29
1745378410839 0.6930981777435541 30
1745378410840 0.6930954274119809 31
1745378410840 0.6930939447637274 32
1745378410841 0.6930929855819232 33
1745378410842 0.6930913116361015 34
1745378410843 0.6930890451565198 35
1745378410843 0.6930874275370688 36
1745378410844 0.6930860929802991 37
1745378410845 0.693084262013454 38
1745378410846 0.6930835395415313 39
1745378410847 0.6930820777769015 40
1745378410848 0.6930806739184074 41
1745378410848 0.6930791207357123 42
1745378410849 0.6930773922647163 43
1745378410850 0.6930748821549304 44
1745378410851 0.6930744155623764 45
1745378410852 0.6930723346943408 46
1745378410852 0.6930716690221242 47
1745378410853 0.6930696531822346 48
1745378410854 0.6930683576755784 49
1745378410855 0.6930666720108501 50
1745378410855 0.6930655092621781 51
1745378410856 0.6930650934431702 52
1745378410857 0.6930637507198378 53
1745378410858 0.6930629937707447 54
1745378410859 0.6930612253857031 55
1745378410860 0.6930596386891976 56
1745378410860 0.693057671641279 57
1745378410861 0.6930572825103439 58
1745378410862 0.6930556891596876 59
1745378410863 0.6930533177100122 60
1745378410864 0.6930517139815725 61
1745378410864 0.6930505557267926 62
1745378410865 0.6930486055864208 63
1745378410866 0.6930469896956161 64
1745378410867 0.6930451857612469 65
1745378410867 0.6930450188113376 66
1745378410868 0.6930433626914397 67
1745378410869 0.6930430184845813 68
1745378410870 0.6930403564871848 69
1745378410871 0.6930388752535916 70
1745378410871 0.6930376514446362 71
1745378410872 0.6930375056169182 72
1745378410873 0.6930357125712931 73
1745378410874 0.6930348026563227 74
1745378410875 0.6930339006006532 75
1745378410876 0.6930321955358982 76
1745378410876 0.6930309555053524 77
1745378410877 0.6930306334853917 78
1745378410878 0.693028633331079 79
1745378410879 0.6930271370312572 80
1745378410880 0.6930257327765227 81
1745378410880 0.6930239406969212 82
1745378410881 0.6930224881152436 83
1745378410882 0.6930208622353338 84
1745378410883 0.6930192270597256 85
1745378410884 0.6930176049524546 86
1745378410884 0.6930174730046839 87
1745378410885 0.6930158269473538 88
1745378410886 0.6930141719266586 89
1745378410887 0.6930126667213253 90
1745378410887 0.6930109018354118 91
1745378410888 0.6930094190991111 92
1745378410889 0.6930092915424518 93
1745378410890 0.6930077606522292 94
1745378410891 0.6930066045575776 95
1745378410892 0.6930052667070553 96
1745378410893 0.6930043282178603 97
1745378410894 0.6930042083029077 98
1745378410895 0.6930028479381278 99
