1745378411390 0.5014924384347866 0
1745378411390 0.5014817036661987 1
1745378411391 0.5015824952667746 2
1745378411392 0.5015824540916314 3
1745378411393 0.5024507094147438 4
1745378411393 0.5024507094147438 5
1745378411394 0.5024879208816736 6
1745378411395 0.5024465300939571 7
1745378411396 0.5025696679910084 8
1745378411396 0.5025689973386758 9
1745378411397 0.5027415400638182 10
1745378411398 0.5026232297210582 11
1745378411398 0.5027841479807681 12
1745378411399 0.5028633914782699 13
1745378411400 0.5031026007227934 14
1745378411400 0.5032642579475736 15
1745378411401 0.5033817124248567 16
1745378411402 0.5040542194327374 17
1745378411403 0.5040620820163352 18
1745378411403 0.5040118662604235 19
1745378411404 0.5043904711116713 20
1745378411405 0.5044221917470029 21
1745378411405 0.5044446349188153 22
1745378411406 0.5045160118639553 23
1745378411407 0.5046343688381275 24
1745378411407 0.5045936853153711 25
1745378411408 0.5045971195773162 26
1745378411409 0.5045767558939868 27
1745378411409 0.5046996761090309 28
1745378411410 0.5047566593166064 29
1745378411411 0.5047690323752676 30
1745378411412 0.5051991501838141 31
1745378411412 0.5051796359315642 32
1745378411413 0.5052872661559263 33
1745378411414 0.5053392607180252 34
1745378411414 0.5055292986758949 35
1745378411415 0.5056233041809922 36
1745378411416 0.505637376258063 37
1745378411416 0.5057876540120129 38
1745378411417 0.5058095922539441 39
1745378411418 0.5058350639581654 40
1745378411419 0.5059818213904957 41
1745378411419 0.5060395721101157 42
1745378411420 0.5061522552208029 43
1745378411421 0.5062674228057567 44
1745378411421 0.5062643007980226 45
1745378411422 0.5067435773306792 46
1745378411423 0.5067662074562669 47
1745378411424 0.5067797462908581 48
1745378411424 0.5069609184616406 49
1745378411425 0.507040856183432 50
1745378411426 0.5071223939951639 51
1745378411426 0.5071256584908935 52
1745378411427 0.5071343305116818 53
1745378411428 0.5071314328672281 54
1745378411429 0.507186427861638 55
1745378411429 0.5073592880753848 56
1745378411430 0.5076730843449638 57
1745378411431 0.5076618941310417 58
1745378411431 0.507707229398103 59
1745378411432 0.5081642535314858 60
1745378411433 0.5082158860017001 61
1745378411434 0.508296336225274 62
1745378411434 0.5083826762974593 63
1745378411435 0.5084283368375269 64
1745378411436 0.5085332222929672 65
1745378411436 0.5085397646594729 66
1745378411437 0.5085802950285717 67
1745378411438 0.5085769646451128 68
1745378411438 0.5088262547340748 69
1745378411439 0.5088672818674015 70
1745378411440 0.5089032950364134 71
1745378411440 0.5089058760391407 72
1745378411441 0.5089186933243471 73
1745378411442 0.5090068719248021 74
1745378411443 0.5090231557314409 75
1745378411443 0.5091241380045549 76
1745378411444 0.5091702440586722 77
1745378411445 0.5091643685257358 78
1745378411445 0.5092332719153972 79
1745378411446 0.5092852830681787 80
1745378411447 0.5092840725264681 81
1745378411449 0.5093559858703489 82
1745378411449 0.5094109805678829 83
1745378411450 0.509499858964522 84
1745378411451 0.5095249305923517 85
1745378411451 0.509546388198236 86
1745378411452 0.5095563106983738 87
1745378411453 0.5096064664822019 88
1745378411454 0.5099051338147841 89
1745378411454 0.509908182178512 90
1745378411455 0.5099300258388642 91
1745378411456 0.5099536846367797 92
1745378411456 0.5099569460012485 93
1745378411457 0.5100218402957155 94
1745378411458 0.5100161186289393 95
1745378411459 0.5099986590713359 96
1745378411459 0.5100015128031369 97
1745378411460 0.5100030654929125 98
1745378411461 0.5100166245400739 99
