1745378410965 0.49847625 0
1745378410966 0.498465 1
1745378410967 0.4984225 2
1745378410967 0.4984225 3
1745378410968 0.49835625 4
1745378410969 0.49835625 5
1745378410970 0.49822375 6
1745378410970 0.49822375 7
1745378410971 0.49791125 8
1745378410972 0.49791125 9
1745378410972 0.49789125 10
1745378410973 0.497885 11
1745378410974 0.4980825 12
1745378410975 0.4978575 13
1745378410975 0.49775125 14
1745378410976 0.49774375 15
1745378410977 0.49779125 16
1745378410978 0.49772375 17
1745378410978 0.49776875 18
1745378410979 0.49770125 19
1745378410980 0.49735625 20
1745378410980 0.497385 21
1745378410981 0.497385 22
1745378410982 0.497265 23
1745378410982 0.49717375 24
1745378410983 0.49724875 25
1745378410984 0.49718 26
1745378410984 0.49726875 27
1745378410985 0.4972275 28
1745378410986 0.4971475 29
1745378410987 0.49713625 30
1745378410987 0.49708875 31
1745378410988 0.49710375 32
1745378410989 0.496985 33
1745378410989 0.4969225 34
1745378410990 0.4967525 35
1745378410991 0.4967 36
1745378410991 0.4966175 37
1745378410992 0.4966175 38
1745378410993 0.49660375 39
1745378410994 0.49659375 40
1745378410995 0.49648875 41
1745378410995 0.49652125 42
1745378410996 0.49640875 43
1745378410997 0.49622375 44
1745378410997 0.496215 45
1745378410998 0.4962875 46
1745378410999 0.49627625 47
1745378411000 0.49624125 48
1745378411000 0.49621125 49
1745378411001 0.4962 50
1745378411002 0.496195 51
1745378411002 0.49619875 52
1745378411003 0.49622125 53
1745378411004 0.49617875 54
1745378411004 0.49577 55
1745378411005 0.49575625 56
1745378411006 0.49552625 57
1745378411007 0.49553125 58
1745378411007 0.4955025 59
1745378411008 0.49521 60
1745378411009 0.49506125 61
1745378411009 0.4948825 62
1745378411010 0.49513375 63
1745378411011 0.4950725 64
1745378411011 0.495045 65
1745378411012 0.4950275 66
1745378411013 0.49500125 67
1745378411013 0.49499625 68
1745378411014 0.494685 69
1745378411015 0.494625 70
1745378411015 0.4946275 71
1745378411016 0.494665 72
1745378411017 0.49465875 73
1745378411018 0.4945675 74
1745378411018 0.49455875 75
1745378411019 0.4944475 76
1745378411020 0.4944125 77
1745378411020 0.4944475 78
1745378411021 0.49420625 79
1745378411022 0.4941575 80
1745378411023 0.49417125 81
1745378411023 0.49413375 82
1745378411024 0.49404 83
1745378411025 0.49394125 84
1745378411026 0.49394 85
1745378411026 0.49394875 86
1745378411027 0.4939575 87
1745378411028 0.49391375 88
1745378411028 0.4934975 89
1745378411029 0.493535 90
1745378411030 0.49353 91
1745378411030 0.49351 92
1745378411031 0.49355625 93
1745378411032 0.49364 94
1745378411032 0.49363375 95
1745378411033 0.49363875 96
1745378411034 0.49364 97
1745378411034 0.49364 98
1745378411035 0.49364 99
