1745378411247 0.4999988336193934 0
1745378411248 0.49999771782722324 1
1745378411249 0.49999667499873784 2
1745378411249 0.4999956807575747 3
1745378411250 0.4999946171746403 4
1745378411251 0.49999368885912 5
1745378411251 0.49999269510958344 6
1745378411252 0.4999918313860521 7
1745378411253 0.49999092123121025 8
1745378411253 0.49999011116888376 9
1745378411254 0.49998911577168853 10
1745378411255 0.4999880858264491 11
1745378411255 0.49998726417168976 12
1745378411256 0.4999862493385002 13
1745378411257 0.4999853152849898 14
1745378411257 0.4999843950318545 15
1745378411258 0.49998350955940785 16
1745378411259 0.4999821501461044 17
1745378411260 0.4999812586647272 18
1745378411260 0.499980417313315 19
1745378411261 0.4999794084500521 20
1745378411262 0.49997857656192035 21
1745378411262 0.49997785661604255 22
1745378411263 0.49997684700671585 23
1745378411264 0.4999760341782123 24
1745378411264 0.49997525362551215 25
1745378411265 0.49997448419015855 26
1745378411266 0.49997373853757976 27
1745378411266 0.49997286255843937 28
1745378411267 0.49997192757647485 29
1745378411268 0.4999710980149731 30
1745378411268 0.4999696751696616 31
1745378411269 0.49996874873638153 32
1745378411270 0.4999681607368961 33
1745378411271 0.4999671460880712 34
1745378411271 0.49996591916151345 35
1745378411272 0.49996507748916746 36
1745378411273 0.49996429348535837 37
1745378411274 0.49996317667752505 38
1745378411274 0.4999627309514582 39
1745378411275 0.49996192312158644 40
1745378411276 0.49996106808930635 41
1745378411276 0.49996017959810796 42
1745378411277 0.499959218027778 43
1745378411278 0.4999578699628636 44
1745378411279 0.49995756557326765 45
1745378411279 0.4999564707795531 46
1745378411280 0.4999560182446614 47
1745378411281 0.49995487040035425 48
1745378411281 0.4999540678698197 49
1745378411282 0.4999530686640367 50
1745378411283 0.49995239670686425 51
1745378411283 0.4999521120513603 52
1745378411284 0.4999513506120071 53
1745378411285 0.49995079138364645 54
1745378411285 0.49994981849074366 55
1745378411286 0.49994893399182705 56
1745378411287 0.4999479005100205 57
1745378411287 0.4999476199750602 58
1745378411288 0.4999467737142369 59
1745378411289 0.49994555093958976 60
1745378411290 0.49994464003052563 61
1745378411290 0.49994390341766176 62
1745378411291 0.4999428204473853 63
1745378411292 0.4999419255376607 64
1745378411292 0.49994094792515037 65
1745378411293 0.4999408579856157 66
1745378411294 0.4999399088482186 67
1745378411294 0.4999396537444368 68
1745378411295 0.4999381962801889 69
1745378411296 0.4999373178566992 70
1745378411296 0.4999366021222621 71
1745378411297 0.4999365144871175 72
1745378411298 0.49993543926823886 73
1745378411299 0.49993486864272507 74
1745378411299 0.4999343373353034 75
1745378411300 0.49993337864607573 76
1745378411301 0.49993259408243 77
1745378411301 0.4999323606252298 78
1745378411302 0.49993126905683427 79
1745378411303 0.4999304247265682 80
1745378411303 0.49992951563131066 81
1745378411304 0.49992857386086137 82
1745378411305 0.49992778366073964 83
1745378411305 0.49992684070713816 84
1745378411306 0.4999259281488508 85
1745378411307 0.4999250322768465 86
1745378411307 0.49992495751693844 87
1745378411310 0.49992400160547346 88
1745378411311 0.49992312608487904 89
1745378411312 0.49992226176645604 90
1745378411312 0.49992121550109236 91
1745378411313 0.4999203728751838 92
1745378411314 0.4999203003489971 93
1745378411314 0.49991939195949586 94
1745378411315 0.4999186660221964 95
1745378411316 0.4999178465215489 96
1745378411317 0.49991731161773206 97
1745378411317 0.4999172059353441 98
1745378411318 0.4999163094427437 99
