1745378474384 0.5025134819487057 0
1745378474385 0.5040869010964115 1
1745378474385 0.5048792426523537 2
1745378474386 0.5055131743041857 3
1745378474387 0.5059262610159942 4
1745378474387 0.5065296132927142 5
1745378474388 0.5077040567964429 6
1745378474389 0.5078847189373266 7
1745378474389 0.5085722128598351 8
1745378474390 0.5092072599436717 9
1745378474391 0.5093114122028117 10
1745378474391 0.5100454845779556 11
1745378474392 0.5107745961920949 12
1745378474393 0.511635501436517 13
1745378474394 0.5120012856369217 14
1745378474394 0.5119435006828077 15
1745378474395 0.5121305363583598 16
1745378474396 0.5125421189086865 17
1745378474397 0.5128319349448569 18
1745378474397 0.5130035783887464 19
1745378474398 0.5129142490217888 20
1745378474399 0.5130290349460401 21
1745378474399 0.5131135186805185 22
1745378474400 0.5136125737944695 23
1745378474401 0.5138992242352542 24
1745378474401 0.5139655786129247 25
1745378474402 0.5141277829521078 26
1745378474403 0.514301231811652 27
1745378474403 0.5145657491629528 28
1745378474404 0.5146828265139243 29
1745378474405 0.5148833081581196 30
1745378474406 0.5152029015822374 31
1745378474406 0.5155376660091233 32
1745378474407 0.5157966966913403 33
1745378474408 0.5159655161004072 34
1745378474408 0.5160696450344661 35
1745378474409 0.5165273414514372 36
1745378474410 0.5167895681916458 37
1745378474411 0.5169191536892483 38
1745378474411 0.5171809857312091 39
1745378474412 0.5171853601714244 40
1745378474413 0.5173207210891151 41
1745378474413 0.5176533196740928 42
1745378474414 0.5183026543357498 43
1745378474415 0.5183487963962423 44
1745378474416 0.5187228348128571 45
1745378474416 0.5187463131882701 46
1745378474417 0.5187957621071396 47
1745378474418 0.5191861653400499 48
1745378474418 0.5192699455033312 49
1745378474419 0.5192429672251196 50
1745378474420 0.5192826998945689 51
1745378474421 0.5194828863939875 52
1745378474421 0.5196905198911835 53
1745378474422 0.5197765078683941 54
1745378474423 0.5198727620250627 55
1745378474423 0.5199549768516494 56
1745378474424 0.520153553314218 57
1745378474425 0.5202903554400465 58
1745378474425 0.5205405303727113 59
1745378474426 0.5206587201150518 60
1745378474427 0.5206684746302301 61
1745378474428 0.5209081414513453 62
1745378474428 0.5210324517055993 63
1745378474429 0.5212236015423365 64
1745378474430 0.5212276530283034 65
1745378474430 0.5214092229442194 66
1745378474431 0.5213812131999203 67
1745378474432 0.521760525263003 68
1745378474432 0.5218496161478812 69
1745378474433 0.5219623234649026 70
1745378474434 0.522404255023915 71
1745378474435 0.522473041250669 72
1745378474435 0.5225613810329346 73
1745378474436 0.5225415408920511 74
1745378474437 0.5226352215397685 75
1745378474437 0.5226519706917757 76
1745378474438 0.5228628951191684 77
1745378474439 0.5230012780692455 78
1745378474440 0.5232344561021661 79
1745378474440 0.5233348179637473 80
1745378474441 0.5236424951495426 81
1745378474442 0.5237113161045425 82
1745378474442 0.5237244904753658 83
1745378474443 0.5238445732461657 84
1745378474444 0.5238692887352568 85
1745378474444 0.5242214643039527 86
1745378474445 0.5243065341248446 87
1745378474446 0.5246122200193389 88
1745378474447 0.5247841789643258 89
1745378474447 0.5247801851441845 90
1745378474448 0.5250619964650126 91
1745378474449 0.5254268406215227 92
1745378474449 0.5255014003496082 93
1745378474450 0.5255396026418594 94
1745378474451 0.5257424768412515 95
1745378474452 0.52582780869743 96
1745378474452 0.525912007121541 97
1745378474453 0.5260913900361001 98
1745378474454 0.5263301059632828 99
