1745378474243 0.4999966635902971 0
1745378474244 0.49999331177286804 1
1745378474244 0.499988921998702 2
1745378474245 0.4999859682614729 3
1745378474246 0.4999837612857297 4
1745378474247 0.49997885080076754 5
1745378474247 0.49997553279008716 6
1745378474248 0.49997301451675596 7
1745378474249 0.4999698715173453 8
1745378474249 0.4999658091121912 9
1745378474250 0.4999634533357993 10
1745378474251 0.4999588319485262 11
1745378474251 0.4999545638443157 12
1745378474252 0.499950032094121 13
1745378474253 0.4999461643962562 14
1745378474254 0.49994290286518633 15
1745378474254 0.49994042772036046 16
1745378474255 0.4999367755112052 17
1745378474256 0.49993248020261527 18
1745378474256 0.4999296458591893 19
1745378474257 0.4999273697100207 20
1745378474258 0.4999248114576563 21
1745378474258 0.499921433532089 22
1745378474259 0.49991726384144275 23
1745378474260 0.49991346596568825 24
1745378474261 0.4999109714960307 25
1745378474261 0.49990935427829625 26
1745378474262 0.4999068775158748 27
1745378474263 0.49990465479902924 28
1745378474263 0.4999003558415547 29
1745378474264 0.49989780758272856 30
1745378474265 0.49989423465061933 31
1745378474266 0.49988958534982053 32
1745378474266 0.49988534306079146 33
1745378474267 0.49988194734029473 34
1745378474268 0.49988033531434833 35
1745378474269 0.49987767430547625 36
1745378474269 0.4998729843635112 37
1745378474270 0.49987031593564896 38
1745378474271 0.4998664305802435 39
1745378474271 0.49986482689794154 40
1745378474272 0.4998618228059635 41
1745378474273 0.499858410516046 42
1745378474274 0.49985452078100295 43
1745378474274 0.4998526899876073 44
1745378474275 0.4998484035115689 45
1745378474276 0.4998461623329669 46
1745378474277 0.49984185794267805 47
1745378474277 0.4998366446842626 48
1745378474278 0.4998333828946948 49
1745378474279 0.4998320728735998 50
1745378474279 0.49982890825349835 51
1745378474280 0.4998263973046839 52
1745378474281 0.4998230137846246 53
1745378474282 0.49982007027272135 54
1745378474282 0.4998176537405327 55
1745378474283 0.49981520139068364 56
1745378474284 0.4998117355884984 57
1745378474284 0.4998088147667795 58
1745378474285 0.4998044153961912 59
1745378474286 0.4998002749250457 60
1745378474286 0.49979840090122074 61
1745378474287 0.4997945270574093 62
1745378474288 0.49979078078236433 63
1745378474288 0.4997871045662835 64
1745378474289 0.4997835265127942 65
1745378474290 0.49977921897150573 66
1745378474291 0.49977682200208307 67
1745378474291 0.4997731322620809 68
1745378474292 0.4997687879281491 69
1745378474293 0.49976581348270177 70
1745378474293 0.4997615901289135 71
1745378474294 0.49975884335357695 72
1745378474295 0.49975614901516585 73
1745378474295 0.4997543612185866 74
1745378474296 0.49975070060994475 75
1745378474297 0.4997494650623202 76
1745378474298 0.4997452625354007 77
1745378474298 0.4997421879443899 78
1745378474299 0.49973778918378053 79
1745378474300 0.49973431813068686 80
1745378474300 0.49973066272705796 81
1745378474301 0.4997283724733815 82
1745378474302 0.49972613513566555 83
1745378474302 0.49972262452472 84
1745378474303 0.49972142848320306 85
1745378474304 0.49971655723169445 86
1745378474305 0.4997134848416224 87
1745378474305 0.49970959002841264 88
1745378474306 0.49970688543584196 89
1745378474307 0.49970402766484767 90
1745378474307 0.49970067901067433 91
1745378474308 0.49969624675232915 92
1745378474309 0.49969384100522846 93
1745378474309 0.4996918690668792 94
1745378474310 0.4996878041457385 95
1745378474311 0.4996845984255895 96
1745378474312 0.4996821507731825 97
1745378474312 0.4996773865118995 98
1745378474313 0.49967436140511184 99
