1745378473948 0.4981675 0
1745378473949 0.4977975 1
1745378473950 0.49697375 2
1745378473950 0.49667625 3
1745378473951 0.49648375 4
1745378473952 0.4958875 5
1745378473953 0.49532875 6
1745378473954 0.49531375 7
1745378473955 0.494775 8
1745378473955 0.494785 9
1745378473956 0.49471875 10
1745378473957 0.49413 11
1745378473957 0.4936975 12
1745378473958 0.49340875 13
1745378473959 0.4934125 14
1745378473959 0.4933225 15
1745378473960 0.49311375 16
1745378473961 0.4928575 17
1745378473961 0.49247625 18
1745378473962 0.49243125 19
1745378473963 0.492355 20
1745378473964 0.4923125 21
1745378473964 0.49225875 22
1745378473965 0.49208375 23
1745378473966 0.4920025 24
1745378473966 0.4919175 25
1745378473967 0.49184875 26
1745378473968 0.49191875 27
1745378473968 0.49166375 28
1745378473969 0.49158125 29
1745378473970 0.49161125 30
1745378473970 0.49139375 31
1745378473971 0.4912775 32
1745378473972 0.49087375 33
1745378473972 0.49094 34
1745378473973 0.49098625 35
1745378473974 0.49074125 36
1745378473975 0.4903925 37
1745378473975 0.4902625 38
1745378473976 0.4898675 39
1745378473977 0.48989125 40
1745378473977 0.489865 41
1745378473978 0.48949375 42
1745378473979 0.489135 43
1745378473979 0.4891275 44
1745378473980 0.488595 45
1745378473981 0.48876 46
1745378473982 0.48865125 47
1745378473982 0.48853625 48
1745378473983 0.4884825 49
1745378473984 0.48860625 50
1745378473984 0.48815 51
1745378473985 0.48802625 52
1745378473986 0.4880825 53
1745378473987 0.48809375 54
1745378473987 0.4880275 55
1745378473988 0.4880275 56
1745378473989 0.48763 57
1745378473989 0.48753625 58
1745378473990 0.48746125 59
1745378473991 0.48740125 60
1745378473991 0.48742125 61
1745378473992 0.48722625 62
1745378473993 0.48716875 63
1745378473993 0.4871775 64
1745378473994 0.48717625 65
1745378473995 0.48718375 66
1745378473995 0.4870875 67
1745378473996 0.48698375 68
1745378473997 0.48676125 69
1745378473998 0.48671125 70
1745378473998 0.486365 71
1745378473999 0.48628 72
1745378474000 0.48630875 73
1745378474000 0.486175 74
1745378474002 0.4860375 75
1745378474003 0.4859425 76
1745378474004 0.485845 77
1745378474004 0.485805 78
1745378474005 0.48560875 79
1745378474006 0.48555625 80
1745378474006 0.48521375 81
1745378474007 0.48525875 82
1745378474008 0.4853375 83
1745378474008 0.485335 84
1745378474009 0.48523 85
1745378474010 0.4852 86
1745378474011 0.48510625 87
1745378474011 0.4848225 88
1745378474012 0.48440625 89
1745378474013 0.48464125 90
1745378474013 0.48451125 91
1745378474014 0.4842075 92
1745378474015 0.48422 93
1745378474015 0.48415875 94
1745378474016 0.484045 95
1745378474017 0.48389625 96
1745378474018 0.48386 97
1745378474018 0.48355875 98
1745378474019 0.4833425 99
