1745378473801 0.6931406999704242 0
1745378473802 0.6931342687363178 1
1745378473802 0.69312586590752 2
1745378473803 0.6931202811034769 3
1745378473804 0.6931161232797801 4
1745378473805 0.6931070464740694 5
1745378473805 0.6931009543289244 6
1745378473806 0.6930963381841779 7
1745378473807 0.6930905947840587 8
1745378473807 0.6930829540576041 9
1745378473808 0.6930786976122111 10
1745378473809 0.6930698996352777 11
1745378473810 0.6930618314089253 12
1745378473810 0.6930532322412729 13
1745378473811 0.6930461245768518 14
1745378473812 0.6930403351138905 15
1745378473813 0.6930359749972075 16
1745378473813 0.6930292366767302 17
1745378473814 0.6930213759098947 18
1745378473815 0.6930160544947908 19
1745378473816 0.6930123902758211 20
1745378473816 0.6930078129459918 21
1745378473817 0.6930019242763519 22
1745378473818 0.6929941679728776 23
1745378473819 0.6929872786444053 24
1745378473819 0.6929829194634408 25
1745378473820 0.6929801097287983 26
1745378473821 0.692975895222798 27
1745378473822 0.6929719822288305 28
1745378473822 0.6929642707844823 29
1745378473823 0.6929594824917987 30
1745378473824 0.6929529423952102 31
1745378473824 0.6929442420104519 32
1745378473825 0.6929367182859406 33
1745378473826 0.6929306990374252 34
1745378473826 0.6929280684686452 35
1745378473827 0.6929231022124738 36
1745378473828 0.6929146623392403 37
1745378473828 0.6929095349517838 38
1745378473829 0.6929025380277262 39
1745378473830 0.6928999211381003 40
1745378473831 0.6928944472878427 41
1745378473831 0.6928881095901505 42
1745378473832 0.6928806222473457 43
1745378473833 0.6928775278034807 44
1745378473833 0.692869687847048 45
1745378473834 0.6928657941382751 46
1745378473835 0.6928582378193736 47
1745378473836 0.6928484436448663 48
1745378473836 0.6928424592714384 49
1745378473837 0.6928404203741252 50
1745378473838 0.6928351640766487 51
1745378473838 0.6928307132321596 52
1745378473839 0.6928245296228677 53
1745378473840 0.6928191935558244 54
1745378473841 0.6928148502311856 55
1745378473841 0.6928104555537552 56
1745378473842 0.6928040852488577 57
1745378473843 0.6927991063053534 58
1745378473843 0.6927910723804682 59
1745378473844 0.6927837404502928 60
1745378473845 0.6927807126967609 61
1745378473846 0.6927734650658816 62
1745378473846 0.6927664769982547 63
1745378473847 0.6927601133944095 64
1745378473848 0.6927539055647701 65
1745378473848 0.6927462953263148 66
1745378473849 0.692742425178066 67
1745378473850 0.6927356517382711 68
1745378473850 0.6927279636849463 69
1745378473851 0.6927223745176568 70
1745378473852 0.6927146769501269 71
1745378473852 0.6927102125521004 72
1745378473853 0.6927055324799567 73
1745378473854 0.6927027642567083 74
1745378473855 0.6926962591236457 75
1745378473855 0.6926940585946664 76
1745378473856 0.6926866182677075 77
1745378473857 0.6926812447790056 78
1745378473857 0.6926737234382704 79
1745378473858 0.6926676481444016 80
1745378473859 0.6926609171915055 81
1745378473860 0.6926566660663858 82
1745378473860 0.6926528596555814 83
1745378473861 0.6926468929860369 84
1745378473862 0.6926449611126632 85
1745378473862 0.692636230230853 86
1745378473863 0.6926309678884223 87
1745378473864 0.6926240370578691 88
1745378473864 0.6926191947462037 89
1745378473865 0.6926143718678877 90
1745378473866 0.6926081420147792 91
1745378473867 0.6926001707269251 92
1745378473867 0.6925959095773101 93
1745378473868 0.692592527374737 94
1745378473869 0.6925854879691452 95
1745378473870 0.6925799456244707 96
1745378473870 0.6925756395621597 97
1745378473871 0.6925672247189656 98
1745378473872 0.6925616731118038 99
