1745378474103 0.49999676020218964 0
1745378474103 0.4999935452681818 1
1745378474104 0.4999893434154828 2
1745378474105 0.4999865557657219 3
1745378474105 0.4999844767368758 4
1745378474106 0.4999799439265314 5
1745378474107 0.4999769047477805 6
1745378474107 0.4999746042033974 7
1745378474108 0.499971742041301 8
1745378474109 0.4999679311522023 9
1745378474110 0.49996581459429135 10
1745378474110 0.4999614165929917 11
1745378474111 0.49995738192198996 12
1745378474112 0.4999530809950384 13
1745378474112 0.49994954138359615 14
1745378474113 0.4999466481852847 15
1745378474114 0.4999444881782938 16
1745378474114 0.4999411245927346 17
1745378474115 0.4999371958550299 18
1745378474116 0.49993453731849496 19
1745378474116 0.49993272740967803 20
1745378474117 0.49993044790750446 21
1745378474118 0.49992752383458877 22
1745378474119 0.49992364910555626 23
1745378474119 0.49992020703250933 24
1745378474120 0.4999180327709202 25
1745378474121 0.49991664363653177 26
1745378474121 0.4999145555278202 27
1745378474122 0.49991262537126907 28
1745378474123 0.4999087710176685 29
1745378474123 0.499906385880944 30
1745378474124 0.49990311537217497 31
1745378474125 0.49989876547307954 32
1745378474126 0.49989500616063876 33
1745378474126 0.4998919971345186 34
1745378474127 0.49989070629393806 35
1745378474128 0.49988822356708423 36
1745378474128 0.49988400419053053 37
1745378474129 0.4998814413792524 38
1745378474130 0.4998779471196322 39
1745378474130 0.49987665879458076 40
1745378474131 0.49987392276078346 41
1745378474132 0.49987075397801867 42
1745378474133 0.4998670099513168 43
1745378474133 0.49986548590032315 44
1745378474134 0.4998615657956811 45
1745378474135 0.4998596229388798 46
1745378474135 0.49985584747186596 47
1745378474136 0.49985095123973966 48
1745378474137 0.49984796208905297 49
1745378474138 0.4998469570326974 50
1745378474138 0.4998443331177875 51
1745378474139 0.4998421231008426 52
1745378474140 0.49983903112710376 53
1745378474140 0.49983636604742454 54
1745378474141 0.49983419608126256 55
1745378474142 0.49983200118467974 56
1745378474142 0.4998288168866993 57
1745378474143 0.4998263433139114 58
1745378474144 0.49982232770438717 59
1745378474144 0.49981866336809044 60
1745378474145 0.49981717089462885 61
1745378474146 0.49981354823507307 62
1745378474147 0.4998100580296236 63
1745378474147 0.49980688422002806 64
1745378474148 0.4998037868993914 65
1745378474149 0.49979998387305097 66
1745378474149 0.4997980671623985 67
1745378474150 0.4997946810350673 68
1745378474151 0.49979083951444453 69
1745378474151 0.4997880445778231 70
1745378474152 0.499784200342543 71
1745378474153 0.4997819981653659 72
1745378474154 0.49977967248844346 73
1745378474155 0.4997782952696519 74
1745378474155 0.49977504390208133 75
1745378474156 0.4997739472131808 76
1745378474157 0.4997702272681143 77
1745378474157 0.49976754563162074 78
1745378474158 0.49976379017360206 79
1745378474159 0.4997607551352609 80
1745378474159 0.499757392556532 81
1745378474160 0.49975527328641334 82
1745378474161 0.4997533773478523 83
1745378474162 0.4997504027896401 84
1745378474162 0.4997494628993026 85
1745378474163 0.4997451040132109 86
1745378474164 0.49974247232007235 87
1745378474165 0.4997390112172629 88
1745378474165 0.499736593574756 89
1745378474166 0.49973418207347753 90
1745378474167 0.4997310690500085 91
1745378474167 0.4997270844294744 92
1745378474168 0.49972495793388244 93
1745378474169 0.499723277269882 94
1745378474170 0.4997197638535056 95
1745378474170 0.4997169968344245 96
1745378474171 0.4997148491852846 97
1745378474172 0.49971065062133196 98
1745378474172 0.49970787608523665 99
