1745386982054 0.693145519875884 0
1745386982055 0.6931440332218259 1
1745386982055 0.6931424676117302 2
1745386982056 0.6931406833776832 3
1745386982057 0.6931387853882461 4
1745386982058 0.6931371155157685 5
1745386982059 0.6931348617457599 6
1745386982060 0.6931328685437143 7
1745386982060 0.69313091448538 8
1745386982061 0.6931291428586096 9
1745386982062 0.6931272570748627 10
1745386982063 0.6931256081958115 11
1745386982064 0.6931240609870851 12
1745386982065 0.6931218571927399 13
1745386982065 0.6931202718041092 14
1745386982066 0.6931185850825161 15
1745386982067 0.6931172043962032 16
1745386982068 0.6931157251000404 17
1745386982068 0.6931142417969555 18
1745386982069 0.6931122241225094 19
1745386982070 0.6931106879648566 20
1745386982071 0.6931087032213062 21
1745386982072 0.6931073606328666 22
1745386982072 0.6931057713419199 23
1745386982073 0.6931037548124045 24
1745386982074 0.6931020828621834 25
1745386982075 0.6931005287242681 26
1745386982075 0.6930987354692072 27
1745386982076 0.6930974854359031 28
1745386982077 0.6930963810767978 29
1745386982078 0.6930945266295224 30
1745386982079 0.6930927918875962 31
1745386982080 0.6930906521034986 32
1745386982081 0.6930897104983776 33
1745386982082 0.6930879388033598 34
1745386982082 0.6930861889839173 35
1745386982084 0.6930845378755033 36
1745386982084 0.6930830183510482 37
1745386982085 0.6930814783337712 38
1745386982086 0.693080498559177 39
1745386982087 0.6930789648593962 40
1745386982088 0.6930774723515659 41
1745386982090 0.6930764153613895 42
1745386982091 0.6930750381547213 43
1745386982092 0.6930733708929271 44
1745386982093 0.693071893402338 45
