1745386982353 0.503255028695455 0
1745386982354 0.5039376663865043 1
1745386982355 0.5042649364252758 2
1745386982356 0.504894898993361 3
1745386982356 0.5058615195724732 4
1745386982357 0.5059127867331931 5
1745386982358 0.5065947638978964 6
1745386982358 0.5071920433087562 7
1745386982359 0.5073677892481336 8
1745386982360 0.5073541937454292 9
1745386982361 0.5078658438974225 10
1745386982361 0.5079384997423525 11
1745386982362 0.507821230322136 12
1745386982363 0.5083253680588208 13
1745386982364 0.5085396722392704 14
1745386982364 0.5091612421340034 15
1745386982365 0.5091337402748364 16
1745386982366 0.5090669589543773 17
1745386982367 0.5090815239996823 18
1745386982367 0.5091376463109208 19
1745386982368 0.5092376613491022 20
1745386982369 0.5095583246619109 21
1745386982370 0.50957737464448 22
1745386982370 0.5097517901280213 23
1745386982371 0.5098576749781638 24
1745386982372 0.5098871973445732 25
1745386982372 0.5098867228936064 26
1745386982373 0.5098694603803046 27
1745386982374 0.5097854965435817 28
1745386982375 0.5099305618766895 29
1745386982375 0.5101324954194308 30
1745386982376 0.5101175833734187 31
1745386982377 0.5102950098224706 32
1745386982378 0.5103505173512064 33
1745386982378 0.5106507441161204 34
1745386982379 0.5109231864994166 35
1745386982380 0.5109365464297658 36
1745386982381 0.511089837173385 37
1745386982381 0.5112567199884515 38
1745386982382 0.5113563030788776 39
1745386982383 0.5113674889485467 40
1745386982384 0.5113400389707353 41
1745386982384 0.5113223443128029 42
1745386982385 0.5113565026386593 43
1745386982386 0.5112537363604966 44
1745386982387 0.5112777648469609 45
