1745386982217 0.49999916932176713 0
1745386982217 0.49999843103367536 1
1745386982218 0.49999765144850833 2
1745386982219 0.4999967536306977 3
1745386982220 0.4999958026743525 4
1745386982221 0.49999496588003717 5
1745386982221 0.4999938404783444 6
1745386982222 0.49999284686619366 7
1745386982223 0.4999918840843576 8
1745386982223 0.4999909817200091 9
1745386982224 0.4999900387613071 10
1745386982225 0.4999892152383662 11
1745386982226 0.49998844275198906 12
1745386982227 0.49998733889139746 13
1745386982228 0.4999865527848134 14
1745386982229 0.4999857019500904 15
1745386982229 0.49998501194796785 16
1745386982230 0.4999842739853594 17
1745386982231 0.4999835342258264 18
1745386982231 0.49998253178296603 19
1745386982232 0.4999817558712763 20
1745386982233 0.49998076025634575 21
1745386982234 0.49998009255845977 22
1745386982235 0.4999792948307493 23
1745386982236 0.49997828787813026 24
1745386982237 0.4999774569158018 25
1745386982237 0.4999766763658757 26
1745386982238 0.4999757796685554 27
1745386982239 0.4999751515405648 28
1745386982240 0.499974604122778 29
1745386982240 0.49997367564922907 30
1745386982241 0.49997281133549737 31
1745386982242 0.49997173477784096 32
1745386982243 0.4999712696679115 33
1745386982243 0.4999703856452719 34
1745386982244 0.49996950754099106 35
1745386982245 0.49996868136017825 36
1745386982245 0.4999679263720129 37
1745386982246 0.4999671546384769 38
1745386982247 0.499966663439183 39
1745386982248 0.49996589895101773 40
1745386982248 0.4999651516380338 41
1745386982249 0.4999646239337032 42
1745386982250 0.49996393551455887 43
1745386982251 0.4999631051996671 44
1745386982251 0.499962365062185 45
