1745386982139 0.4979275 0
1745386982140 0.496955 1
1745386982142 0.49671625 2
1745386982143 0.49647875 3
1745386982144 0.49571625 4
1745386982145 0.49594625 5
1745386982146 0.49639625 6
1745386982147 0.49608375 7
1745386982148 0.49599 8
1745386982149 0.49605875 9
1745386982150 0.4960225 10
1745386982151 0.49601875 11
1745386982152 0.4961575 12
1745386982153 0.49574375 13
1745386982154 0.495735 14
1745386982155 0.49550875 15
1745386982156 0.49543125 16
1745386982156 0.4954925 17
1745386982157 0.4954975 18
1745386982158 0.49552 19
1745386982159 0.4954925 20
1745386982159 0.49537875 21
1745386982160 0.49544 22
1745386982161 0.49542875 23
1745386982162 0.49528375 24
1745386982165 0.4953475 25
1745386982167 0.49549375 26
1745386982167 0.495535 27
1745386982168 0.49559125 28
1745386982169 0.49556625 29
1745386982170 0.49548125 30
1745386982170 0.49555375 31
1745386982171 0.4954225 32
1745386982172 0.49541125 33
1745386982173 0.49523875 34
1745386982173 0.4947175 35
1745386982174 0.49464125 36
1745386982175 0.49464375 37
1745386982175 0.49450375 38
1745386982176 0.49435 39
1745386982177 0.4943425 40
1745386982178 0.494405 41
1745386982178 0.49428125 42
1745386982179 0.49425625 43
1745386982180 0.49430125 44
1745386982181 0.49452 45
