1745386982286 0.49999916521210225 0
1745386982287 0.4999984196382388 1
1745386982287 0.49999762953206894 2
1745386982288 0.4999967221223563 3
1745386982289 0.4999957533833012 4
1745386982289 0.4999948965545371 5
1745386982290 0.49999375075235963 6
1745386982291 0.49999273431096225 7
1745386982292 0.49999174406502395 8
1745386982292 0.49999081103119997 9
1745386982293 0.4999898334304616 10
1745386982294 0.49998898108936846 11
1745386982295 0.49998816891659054 12
1745386982295 0.49998703662257643 13
1745386982296 0.4999862206593156 14
1745386982297 0.4999853345263377 15
1745386982297 0.49998460304748266 16
1745386982298 0.4999838206369057 17
1745386982299 0.49998304082799705 18
1745386982300 0.4999820030221343 19
1745386982301 0.4999811832602322 20
1745386982301 0.4999801426995173 21
1745386982302 0.4999794169603661 22
1745386982303 0.4999785738058016 23
1745386982303 0.49997751129448414 24
1745386982304 0.49997662061855197 25
1745386982305 0.49997577991228553 26
1745386982306 0.4999748310890421 27
1745386982306 0.4999741500582546 28
1745386982307 0.4999735745469853 29
1745386982308 0.4999725803856924 30
1745386982309 0.49997163381244986 31
1745386982309 0.49997049332659693 32
1745386982310 0.4999699948307127 33
1745386982311 0.49996906086634846 34
1745386982311 0.4999681312615797 35
1745386982312 0.4999672238638997 36
1745386982313 0.49996643612101677 37
1745386982314 0.4999656327723339 38
1745386982314 0.4999651150629669 39
1745386982315 0.4999642769726738 40
1745386982316 0.4999634412337467 41
1745386982317 0.49996288054216653 42
1745386982317 0.49996212387871 43
1745386982318 0.4999612187082693 44
1745386982319 0.4999604140055552 45
