1745378788931 0.49847625 0
1745378788932 0.498465 1
1745378788933 0.4984225 2
1745378788934 0.49822375 3
1745378788934 0.49835625 4
1745378788935 0.49735125 5
1745378788936 0.49740125 6
1745378788936 0.4978725 7
1745378788937 0.497095 8
1745378788938 0.49711 9
1745378788939 0.49697625 10
1745378788939 0.49722 11
1745378788940 0.4972275 12
1745378788941 0.4971 13
1745378788942 0.49698875 14
1745378788942 0.49692125 15
1745378788943 0.49690375 16
1745378788944 0.49694375 17
1745378788945 0.4968675 18
1745378788945 0.49674375 19
1745378788946 0.4965375 20
1745378788947 0.49637375 21
1745378788947 0.49637125 22
1745378788948 0.4960875 23
1745378788951 0.4960775 24
1745378788952 0.4960525 25
1745378788953 0.49603125 26
1745378788953 0.496215 27
1745378788954 0.49619 28
1745378788955 0.496075 29
1745378788956 0.49595875 30
1745378788956 0.4959625 31
1745378788957 0.4959625 32
1745378788958 0.49558125 33
1745378788958 0.495345 34
1745378788959 0.4953075 35
1745378788960 0.4951125 36
1745378788961 0.49503375 37
1745378788961 0.49504375 38
1745378788962 0.49504625 39
1745378788963 0.49489625 40
1745378788963 0.49486 41
1745378788964 0.49459625 42
1745378788965 0.4946275 43
1745378788966 0.49417625 44
1745378788966 0.49424375 45
1745378788967 0.4942175 46
1745378788968 0.49416125 47
1745378788968 0.49414375 48
1745378788969 0.49411125 49
1745378788970 0.4940725 50
1745378788971 0.49404875 51
1745378788972 0.49396375 52
1745378788972 0.49395375 53
1745378788973 0.49394 54
1745378788974 0.49394625 55
1745378788974 0.49394875 56
1745378788975 0.49395125 57
1745378788976 0.49391125 58
1745378788977 0.4933075 59
1745378788977 0.49339875 60
1745378788978 0.49329625 61
1745378788979 0.49334 62
1745378788980 0.4933475 63
1745378788980 0.493355 64
1745378788981 0.49337375 65
1745378788982 0.49306125 66
1745378788982 0.4930825 67
1745378788983 0.4930875 68
1745378788984 0.49304625 69
1745378788985 0.492895 70
1745378788985 0.49278875 71
1745378788986 0.4927 72
1745378788987 0.49269375 73
1745378788987 0.49262375 74
1745378788988 0.49259875 75
1745378788989 0.49261875 76
1745378788990 0.49228125 77
1745378788990 0.49195375 78
1745378788991 0.4919325 79
1745378788992 0.49193 80
1745378788992 0.49195625 81
1745378788993 0.49186 82
1745378788994 0.49186875 83
1745378788994 0.49174875 84
1745378788995 0.4918975 85
1745378788996 0.49152875 86
1745378788997 0.49148 87
1745378788997 0.4914175 88
1745378788998 0.4913725 89
1745378788999 0.4913775 90
1745378788999 0.4913925 91
1745378789000 0.49137375 92
1745378789001 0.4913375 93
1745378789002 0.4912675 94
1745378789002 0.49127 95
1745378789003 0.4911825 96
1745378789004 0.49105125 97
1745378789004 0.4910975 98
1745378789005 0.49109875 99
