1745378788784 0.6931427135383338 0
1745378788784 0.6931388260729611 1
1745378788785 0.6931356026148796 2
1745378788787 0.6931320864001289 3
1745378788787 0.6931296130226553 4
1745378788788 0.6931243997512758 5
1745378788789 0.693121730644703 6
1745378788790 0.6931187022928894 7
1745378788790 0.6931149145359546 8
1745378788791 0.6931120482007042 9
1745378788792 0.6931084111436084 10
1745378788792 0.6931067940533161 11
1745378788793 0.6931043457654491 12
1745378788794 0.6931010976535081 13
1745378788794 0.6930982495070994 14
1745378788795 0.6930962947351113 15
1745378788796 0.6930935426425562 16
1745378788796 0.6930915667282603 17
1745378788797 0.6930883502090164 18
1745378788798 0.693085608868096 19
1745378788798 0.6930802500206046 20
1745378788799 0.6930756510737166 21
1745378788800 0.6930729691762477 22
1745378788801 0.6930699137960561 23
1745378788801 0.6930690838607959 24
1745378788802 0.6930677771366947 25
1745378788803 0.6930648712628148 26
1745378788803 0.6930603705720231 27
1745378788804 0.6930580980019457 28
1745378788805 0.6930557368852385 29
1745378788805 0.693052812674325 30
1745378788806 0.6930494564986415 31
1745378788807 0.6930484081377088 32
1745378788807 0.6930452329844609 33
1745378788808 0.6930413606756739 34
1745378788809 0.69304105070455 35
1745378788810 0.6930383596439473 36
1745378788810 0.6930363582311571 37
1745378788811 0.6930330646837876 38
1745378788812 0.6930314458309859 39
1745378788812 0.693028113449756 40
1745378788813 0.6930246892124414 41
1745378788814 0.6930212800950557 42
1745378788815 0.6930174553323724 43
1745378788815 0.6930126453296654 44
1745378788816 0.6930123686955869 45
1745378788817 0.6930091378601454 46
1745378788817 0.6930062096597068 47
1745378788818 0.6930033217122779 48
1745378788819 0.6930004646783322 49
1745378788819 0.6929965319087357 50
1745378788820 0.69299471112784 51
1745378788821 0.6929898633469455 52
1745378788822 0.692988294424899 53
1745378788822 0.6929880466536432 54
1745378788823 0.6929848925613425 55
1745378788824 0.6929839273392595 56
1745378788824 0.6929814276878535 57
1745378788825 0.6929812112218141 58
1745378788826 0.6929766845321469 59
1745378788826 0.6929752137028798 60
1745378788827 0.6929747141865827 61
1745378788829 0.6929726113274693 62
1745378788830 0.6929699212328159 63
1745378788831 0.6929678305597976 64
1745378788832 0.6929668821123988 65
1745378788832 0.6929647640934959 66
1745378788833 0.6929623988726922 67
1745378788834 0.6929599383403174 68
1745378788835 0.692957816334609 69
1745378788835 0.6929539302342944 70
1745378788836 0.6929511590113491 71
1745378788837 0.6929482000817359 72
1745378788837 0.6929480133990013 73
1745378788838 0.6929439602167718 74
1745378788839 0.6929414201799221 75
1745378788840 0.6929389590853638 76
1745378788841 0.6929347776091285 77
1745378788842 0.6929323436576501 78
1745378788843 0.6929311897063815 79
1745378788843 0.6929304217762314 80
1745378788844 0.6929272869993187 81
1745378788845 0.6929244519172236 82
1745378788845 0.6929214953163266 83
1745378788846 0.6929179350258038 84
1745378788847 0.6929150364254228 85
1745378788847 0.6929101444679872 86
1745378788848 0.6929080540345237 87
1745378788849 0.6929039683882333 88
1745378788850 0.6929011606014707 89
1745378788850 0.6928987547777593 90
1745378788851 0.692896708355248 91
1745378788852 0.6928939565521479 92
1745378788852 0.6928904999253899 93
1745378788853 0.6928883589026891 94
1745378788854 0.6928849882845022 95
1745378788855 0.6928820161580853 96
1745378788855 0.6928795468241907 97
1745378788856 0.6928779510769248 98
1745378788857 0.6928777958968282 99
