1745378789232 0.4999976635279134 0
1745378789232 0.49999550462074577 1
1745378789233 0.49999358372725544 2
1745378789234 0.4999915467400104 3
1745378789235 0.49998990792151543 4
1745378789236 0.4999870544617623 5
1745378789236 0.49998535199418664 6
1745378789237 0.49998350194286556 7
1745378789238 0.4999814015939087 8
1745378789239 0.49997961923532186 9
1745378789239 0.4999774583072215 10
1745378789240 0.4999762646568567 11
1745378789241 0.4999746624110639 12
1745378789241 0.4999728804634512 13
1745378789242 0.4999711259734258 14
1745378789243 0.499969910395965 15
1745378789244 0.49996819890853017 16
1745378789244 0.49996678395260125 17
1745378789245 0.4999650930628553 18
1745378789246 0.49996351322956384 19
1745378789246 0.4999606834843382 20
1745378789247 0.4999581790714711 21
1745378789248 0.49995662666436286 22
1745378789249 0.4999546352524683 23
1745378789249 0.49995406243748963 24
1745378789250 0.4999532114233449 25
1745378789251 0.4999513984360173 26
1745378789252 0.4999488672920689 27
1745378789252 0.4999474670739472 28
1745378789253 0.4999459887015447 29
1745378789254 0.4999443633127585 30
1745378789254 0.49994250171992927 31
1745378789255 0.49994172018598765 32
1745378789256 0.499940028012991 33
1745378789257 0.49993795507632194 34
1745378789258 0.4999377874622121 35
1745378789259 0.4999361249738187 36
1745378789260 0.49993488144066184 37
1745378789260 0.4999330507860333 38
1745378789261 0.4999320619175583 39
1745378789262 0.4999303101237118 40
1745378789263 0.49992844642031936 41
1745378789263 0.49992641334999355 42
1745378789264 0.4999243282102793 43
1745378789265 0.49992159227207306 44
1745378789265 0.49992137620717286 45
1745378789266 0.49991943056035787 46
1745378789267 0.4999176157942787 47
1745378789267 0.49991589296203104 48
1745378789268 0.49991422081045805 49
1745378789269 0.49991178405694664 50
1745378789270 0.4999107334060222 51
1745378789271 0.49990793474052103 52
1745378789271 0.4999069699383527 53
1745378789272 0.49990679761357604 54
1745378789273 0.49990506686683744 55
1745378789274 0.49990440660625696 56
1745378789274 0.49990288777198644 57
1745378789275 0.4999027541718632 58
1745378789276 0.49990032725621014 59
1745378789277 0.49989931853719055 60
1745378789278 0.4998988690732792 61
1745378789278 0.49989759259916844 62
1745378789279 0.49989608887545767 63
1745378789280 0.4998946475961059 64
1745378789281 0.4998940388055146 65
1745378789282 0.49989276255708187 66
1745378789282 0.4998912302065268 67
1745378789283 0.49988965265631674 68
1745378789284 0.4998882171501592 69
1745378789284 0.4998861834746599 70
1745378789285 0.49988456425186245 71
1745378789286 0.4998830239273608 72
1745378789286 0.4998828386208415 73
1745378789287 0.49988065094001594 74
1745378789288 0.49987911123782397 75
1745378789289 0.49987778334572913 76
1745378789289 0.4998755395898968 77
1745378789290 0.49987424403488634 78
1745378789291 0.4998734139957651 79
1745378789291 0.499872913913168 80
1745378789292 0.49987101161524655 81
1745378789293 0.4998691937430948 82
1745378789294 0.49986746052030473 83
1745378789294 0.499865324996002 84
1745378789295 0.49986362432174386 85
1745378789296 0.4998610100813955 86
1745378789296 0.49985978629175576 87
1745378789297 0.49985748439539224 88
1745378789298 0.4998557908649743 89
1745378789299 0.49985434874210505 90
1745378789299 0.49985304911796 91
1745378789300 0.49985122904874385 92
1745378789301 0.49984920036781577 93
1745378789301 0.499847994392775 94
1745378789302 0.4998461437475309 95
1745378789303 0.49984457282122224 96
1745378789303 0.4998432099324837 97
1745378789304 0.49984205113716423 98
1745378789305 0.4998419447031245 99
