1745378789378 0.5014924384347866 0
1745378789379 0.5015824952667746 1
1745378789380 0.5015824952667746 2
1745378789380 0.5024878015437585 3
1745378789381 0.5024507110522495 4
1745378789382 0.5035149987415815 5
1745378789382 0.5035252027301983 6
1745378789383 0.5036980380938586 7
1745378789384 0.5043728586691614 8
1745378789385 0.5044575231792685 9
1745378789386 0.5046100121940347 10
1745378789386 0.5045455457354309 11
1745378789387 0.5045699321265021 12
1745378789388 0.5048480362063107 13
1745378789388 0.5050329368619368 14
1745378789389 0.5051514514710322 15
1745378789390 0.5051775265211021 16
1745378789390 0.5050513418697036 17
1745378789391 0.5052287227897994 18
1745378789392 0.5052887487579582 19
1745378789392 0.5057257914280909 20
1745378789393 0.5060207988604432 21
1745378789394 0.5060398371172875 22
1745378789395 0.5061333221080743 23
1745378789395 0.5061415294116212 24
1745378789396 0.506174545057707 25
1745378789397 0.5062168753643164 26
1745378789397 0.5063078495026199 27
1745378789398 0.5063405911977528 28
1745378789399 0.5066369036502691 29
1745378789400 0.5068770233917097 30
1745378789400 0.5069646439964739 31
1745378789401 0.5069456152334125 32
1745378789402 0.5072114248235831 33
1745378789402 0.5075941252547013 34
1745378789403 0.5076401831555261 35
1745378789404 0.5077352059547867 36
1745378789405 0.5078356465728918 37
1745378789405 0.5078976744886389 38
1745378789406 0.5079051967116779 39
1745378789407 0.5082099206778263 40
1745378789407 0.5082999208408672 41
1745378789408 0.5083971985292208 42
1745378789409 0.5086489139672438 43
1745378789410 0.5088957824040328 44
1745378789410 0.5088522279681656 45
1745378789411 0.5089275421707503 46
1745378789412 0.5089258074240915 47
1745378789413 0.5089592618935787 48
1745378789413 0.5089970601594246 49
1745378789414 0.509058378622704 50
1745378789415 0.509098594831335 51
1745378789415 0.5093502378784811 52
1745378789416 0.5093694330671213 53
1745378789417 0.5093874058140095 54
1745378789417 0.5098330762360266 55
1745378789418 0.5098142390330066 56
1745378789419 0.5098500021480237 57
1745378789420 0.5098488822160033 58
1745378789420 0.5102871315309581 59
1745378789421 0.5103184654430695 60
1745378789422 0.5102984339827705 61
1745378789423 0.5103261742355074 62
1745378789424 0.5104311245786732 63
1745378789424 0.5104421493170198 64
1745378789425 0.5104540700803579 65
1745378789426 0.5106375011933726 66
1745378789426 0.5106303967530368 67
1745378789427 0.5106251088127691 68
1745378789428 0.5106272307763998 69
1745378789428 0.5109787859241877 70
1745378789429 0.5111379128182918 71
1745378789430 0.5113112684556367 72
1745378789431 0.5112956326043767 73
1745378789431 0.5114696990941942 74
1745378789432 0.5115161245244222 75
1745378789433 0.511627157219994 76
1745378789434 0.5118559968315746 77
1745378789434 0.5120350843201061 78
1745378789435 0.5120391638061705 79
1745378789436 0.5120513420516543 80
1745378789436 0.5121629449429592 81
1745378789437 0.5121944304493479 82
1745378789438 0.5122762578995871 83
1745378789439 0.5123131520060381 84
1745378789439 0.5123745831259594 85
1745378789440 0.5127377192640286 86
1745378789441 0.5127715785442988 87
1745378789442 0.512989044669445 88
1745378789442 0.5130545321065999 89
1745378789443 0.5130668764276612 90
1745378789444 0.5130910492773648 91
1745378789445 0.5131091070214238 92
1745378789445 0.513163329285021 93
1745378789446 0.5132235175724944 94
1745378789447 0.513277756323649 95
1745378789448 0.5134760149569871 96
1745378789448 0.5137209376057582 97
1745378789449 0.5137231884979623 98
1745378789450 0.5137191626745846 99
