1745378789082 0.49999776955382735 0
1745378789082 0.49999582425709566 1
1745378789083 0.4999942533179376 2
1745378789084 0.49999249666279955 3
1745378789085 0.4999912960508137 4
1745378789085 0.4999886914426332 5
1745378789086 0.4999873831977116 6
1745378789087 0.4999859078083614 7
1745378789087 0.49998401413974136 8
1745378789088 0.49998260738319694 9
1745378789089 0.4999807929276341 10
1745378789092 0.49998003460341894 11
1745378789093 0.4999788668446111 12
1745378789094 0.4999772360101089 13
1745378789094 0.49997581800943186 14
1745378789095 0.49997487411419017 15
1745378789096 0.49997349410400654 16
1745378789096 0.4999725634065158 17
1745378789097 0.4999709654362493 18
1745378789098 0.4999695979555578 19
1745378789099 0.49996691344194394 20
1745378789099 0.499964616375835 21
1745378789100 0.4999632741008335 22
1745378789101 0.499961751273962 23
1745378789101 0.49996133663800646 24
1745378789102 0.49996070521931346 25
1745378789103 0.4999592531145058 26
1745378789104 0.4999570077062984 27
1745378789104 0.49995587219356274 28
1745378789105 0.49995471075660214 29
1745378789106 0.4999532489904424 30
1745378789106 0.4999515701062813 31
1745378789107 0.49995105013399255 32
1745378789108 0.49994946414922886 33
1745378789109 0.4999475237744524 34
1745378789109 0.4999473721692055 35
1745378789110 0.49994602395103377 36
1745378789111 0.4999450409016247 37
1745378789112 0.49994339650895847 38
1745378789112 0.49994259230482835 39
1745378789113 0.49994092386814526 40
1745378789114 0.4999392260809779 41
1745378789114 0.49993752053764373 42
1745378789115 0.4999356103962369 43
1745378789116 0.49993320633412797 44
1745378789117 0.49993306929479636 45
1745378789117 0.49993145152523333 46
1745378789118 0.4999299899029146 47
1745378789119 0.499928548292267 48
1745378789120 0.49992713284402746 49
1745378789120 0.4999251698752554 50
1745378789121 0.49992426112189087 51
1745378789122 0.49992183954982655 52
1745378789123 0.4999210574118036 53
1745378789123 0.4999209353543078 54
1745378789124 0.4999193589835803 55
1745378789125 0.4999188934588016 56
1745378789125 0.49991764700594465 57
1745378789126 0.49991753919831267 58
1745378789127 0.49991527577659384 59
1745378789128 0.49991454971178784 60
1745378789128 0.4999143014451907 61
1745378789129 0.49991324974726115 62
1745378789130 0.49991190686847936 63
1745378789130 0.49991086271546514 64
1745378789131 0.49991040777926393 65
1745378789132 0.4999093469689411 66
1745378789133 0.49990818341047893 67
1745378789133 0.4999069551928631 68
1745378789134 0.49990589850256456 69
1745378789135 0.4999039543404244 70
1745378789135 0.49990256792919696 71
1745378789136 0.4999010893479579 72
1745378789137 0.499900998175017 73
1745378789138 0.49989897159698726 74
1745378789138 0.4998977112022846 75
1745378789139 0.49989648340769666 76
1745378789140 0.49989439269320696 77
1745378789141 0.4998931750730708 78
1745378789142 0.49989260378336847 79
1745378789143 0.4998922248904542 80
1745378789143 0.49989065742310457 81
1745378789144 0.4998892425298326 82
1745378789145 0.4998877657399465 83
1745378789145 0.499885994293526 84
1745378789146 0.49988454573308283 85
1745378789147 0.4998821003436348 86
1745378789147 0.49988105748635636 87
1745378789148 0.49987901690768455 88
1745378789149 0.4998776281940217 89
1745378789150 0.4998764285371665 90
1745378789151 0.49987540720192564 91
1745378789152 0.49987403135180664 92
1745378789152 0.49987230354379164 93
1745378789153 0.4998712342292404 94
1745378789154 0.4998695503274302 95
1745378789154 0.49986806401458955 96
1745378789155 0.49986682994980447 97
1745378789156 0.49986603957826203 98
1745378789157 0.49986596428286506 99
