1745387173293 0.4999958252203092 0
1745387173293 0.49999254808694127 1
1745387173294 0.49998880315452815 2
1745387173295 0.49998465533751996 3
1745387173296 0.49998015960901976 4
1745387173296 0.4999764477235824 5
1745387173297 0.4999717530299723 6
1745387173298 0.4999669195920974 7
1745387173299 0.4999627766856924 8
1745387173300 0.4999587091349438 9
1745387173301 0.49995597589425744 10
1745387173301 0.4999529712920636 11
1745387173302 0.49994926914684473 12
1745387173303 0.4999450897774473 13
1745387173304 0.4999422050007805 14
1745387173304 0.49993806995067747 15
1745387173305 0.49993481398727746 16
1745387173306 0.4999319035984203 17
1745387173307 0.4999284966641292 18
1745387173307 0.49992628713831305 19
1745387173308 0.49992287421926856 20
1745387173309 0.4999181346646696 21
1745387173310 0.49991483282372357 22
1745387173311 0.49991180244196204 23
1745387173312 0.4999099739553407 24
1745387173313 0.4999063708949834 25
1745387173313 0.499903543728143 26
1745387173314 0.4998999710152298 27
1745387173315 0.49989654412638396 28
1745387173316 0.49989440667867663 29
1745387173316 0.4998906165855378 30
1745387173317 0.4998867233796418 31
1745387173318 0.4998827664473653 32
1745387173318 0.4998806994401291 33
1745387173319 0.4998756450754404 34
1745387173321 0.49987190627571193 35
1745387173322 0.49986829898092894 36
1745387173322 0.4998656647669896 37
1745387173323 0.4998621677500382 38
1745387173324 0.4998591133736819 39
1745387173325 0.49985756539076565 40
1745387173325 0.4998552387464419 41
1745387173326 0.49985281790543346 42
1745387173327 0.49984947411596775 43
1745387173328 0.4998454533012584 44
1745387173328 0.49984153347067534 45
1745387173329 0.4998391920936108 46
1745387173330 0.49983525493305175 47
1745387173331 0.4998335791126266 48
1745387173332 0.4998313193916157 49
1745387173332 0.499827746733278 50
1745387173333 0.49982548706039787 51
1745387173334 0.499821258395575 52
1745387173335 0.4998178270144761 53
1745387173336 0.4998153424777836 54
1745387173337 0.49981160299461336 55
1745387173337 0.49981016796208916 56
1745387173338 0.499806872667782 57
1745387173339 0.4998037730813399 58
1745387173340 0.4997999774134904 59
1745387173340 0.4997974586810544 60
1745387173341 0.4997936412634328 61
1745387173342 0.4997901236718893 62
1745387173342 0.49978696864321825 63
1745387173343 0.4997839372397959 64
1745387173344 0.49978105192996564 65
1745387173345 0.49977935445647687 66
1745387173345 0.4997778508941084 67
1745387173346 0.4997753395112604 68
1745387173347 0.49977237762093546 69
1745387173348 0.4997703979027644 70
1745387173349 0.4997673161161691 71
1745387173349 0.49976489166062327 72
1745387173350 0.4997633658805489 73
1745387173351 0.49975996916294096 74
1745387173352 0.4997577453534305 75
1745387173352 0.4997558336018026 76
1745387173353 0.4997519803545624 77
1745387173354 0.49974767543267457 78
1745387173355 0.4997433614194393 79
1745387173355 0.49974090748634187 80
1745387173356 0.49973775330413134 81
1745387173357 0.4997335091619939 82
1745387173358 0.4997307185078785 83
1745387173358 0.4997286973642558 84
1745387173359 0.4997252934129164 85
1745387173360 0.49972289309252055 86
1745387173361 0.4997199477292597 87
1745387173362 0.4997174486892298 88
1745387173362 0.4997138081200793 89
1745387173363 0.49971164294689896 90
1745387173364 0.4997087570784241 91
1745387173365 0.4997053573100269 92
1745387173366 0.499702711590603 93
1745387173366 0.49969983355183156 94
1745387173367 0.4996975446787104 95
1745387173368 0.49969522567868235 96
1745387173369 0.4996906248388812 97
1745387173369 0.49968762423977253 98
1745387173370 0.4996845934197679 99
