1745387172824 0.6931390694130957 0
1745387172825 0.6931328373873233 1
1745387172825 0.6931256958159804 2
1745387172826 0.6931179028722644 3
1745387172827 0.6931094632676988 4
1745387172828 0.6931026141621918 5
1745387172829 0.6930939124111831 6
1745387172829 0.6930850699871779 7
1745387172830 0.6930774140582979 8
1745387172831 0.6930701277901977 9
1745387172832 0.6930653867199272 10
1745387172832 0.6930598459689319 11
1745387172833 0.6930534707925469 12
1745387172834 0.6930458084402978 13
1745387172835 0.6930406231276691 14
1745387172836 0.6930331908696145 15
1745387172836 0.6930276122218371 16
1745387172837 0.6930226874368638 17
1745387172838 0.6930163651996106 18
1745387172839 0.6930125385433435 19
1745387172839 0.6930062686232478 20
1745387172840 0.692997452916205 21
1745387172841 0.6929919415426999 22
1745387172842 0.6929862467363477 23
1745387172842 0.6929828646564483 24
1745387172843 0.6929765772213787 25
1745387172844 0.6929718019907921 26
1745387172845 0.6929651549525558 27
1745387172845 0.6929589595668018 28
1745387172846 0.6929551437626779 29
1745387172847 0.6929487752366066 30
1745387172848 0.6929420701614022 31
1745387172849 0.6929348931681365 32
1745387172850 0.6929311624296383 33
1745387172850 0.692921783356592 34
1745387172851 0.6929147891388834 35
1745387172852 0.6929084964172542 36
1745387172853 0.6929038876733928 37
1745387172853 0.6928972810905054 38
1745387172854 0.6928916309554874 39
1745387172855 0.6928888805192337 40
1745387172856 0.6928849346098677 41
1745387172856 0.6928805130760372 42
1745387172857 0.6928743997215853 43
1745387172858 0.6928668352263049 44
1745387172859 0.6928598190404103 45
1745387172859 0.692855755845569 46
1745387172860 0.6928488885404914 47
1745387172861 0.692845745803155 48
1745387172862 0.6928416009515896 49
1745387172862 0.6928350274861976 50
1745387172864 0.6928311174169556 51
1745387172864 0.6928235546240583 52
1745387172865 0.6928173830093444 53
1745387172866 0.6928128329071402 54
1745387172867 0.6928064218454435 55
1745387172867 0.6928040003448352 56
1745387172868 0.6927983827533946 57
1745387172869 0.6927929799844325 58
1745387172870 0.6927863306081667 59
1745387172870 0.6927816608165577 60
1745387172871 0.6927750687981025 61
1745387172872 0.6927685424058885 62
1745387172873 0.6927629749911278 63
1745387172873 0.6927578667139634 64
1745387172874 0.692752437648438 65
1745387172875 0.6927498827902228 66
1745387172876 0.6927473370514065 67
1745387172876 0.6927430935385078 68
1745387172877 0.6927376761700585 69
1745387172878 0.6927341342060268 70
1745387172879 0.6927286129816249 71
1745387172880 0.6927243601046502 72
1745387172880 0.6927218809958919 73
1745387172881 0.6927161311113462 74
1745387172882 0.6927122167232632 75
1745387172883 0.6927092625498027 76
1745387172883 0.6927020594110712 77
1745387172884 0.6926944823747129 78
1745387172885 0.6926865648474172 79
1745387172887 0.6926825357196853 80
1745387172889 0.6926770778692141 81
1745387172889 0.692669088263847 82
1745387172890 0.6926648315270617 83
1745387172891 0.6926611370738224 84
1745387172892 0.6926547811103985 85
1745387172892 0.6926505654338002 86
1745387172893 0.6926451157261431 87
1745387172894 0.692640674504824 88
1745387172895 0.6926343476253003 89
1745387172895 0.6926304906340316 90
1745387172896 0.6926253879322112 91
1745387172897 0.6926194623625651 92
1745387172898 0.6926146649021283 93
1745387172898 0.6926093245743216 94
1745387172899 0.6926056587167829 95
1745387172900 0.6926014088767395 96
1745387172900 0.6925933002871275 97
1745387172901 0.6925879285852239 98
1745387172902 0.6925825014551729 99
