1745387172983 0.4979275 0
1745387172984 0.49696375 1
1745387172985 0.4967225 2
1745387172986 0.49647625 3
1745387172986 0.49570375 4
1745387172987 0.49531875 5
1745387172988 0.49582 6
1745387172989 0.495025 7
1745387172990 0.49516 8
1745387172990 0.4950625 9
1745387172991 0.4950725 10
1745387172992 0.49494125 11
1745387172993 0.4950025 12
1745387172993 0.494805 13
1745387172994 0.49456625 14
1745387172995 0.49420875 15
1745387172996 0.4942025 16
1745387172996 0.4942925 17
1745387172997 0.4937575 18
1745387172998 0.49369875 19
1745387172999 0.49334625 20
1745387172999 0.49292625 21
1745387173000 0.49304 22
1745387173001 0.49239375 23
1745387173002 0.4924525 24
1745387173002 0.49240375 25
1745387173003 0.49229625 26
1745387173004 0.49193625 27
1745387173005 0.49178375 28
1745387173005 0.49176875 29
1745387173006 0.49168625 30
1745387173007 0.4916875 31
1745387173008 0.49156875 32
1745387173008 0.49150875 33
1745387173009 0.49129125 34
1745387173010 0.490915 35
1745387173011 0.49079 36
1745387173011 0.49078875 37
1745387173012 0.49057625 38
1745387173013 0.49019125 39
1745387173013 0.49018125 40
1745387173014 0.4902475 41
1745387173015 0.49011875 42
1745387173016 0.4900525 43
1745387173017 0.48989 44
1745387173018 0.4900425 45
1745387173018 0.48988125 46
1745387173019 0.48977125 47
1745387173020 0.48973375 48
1745387173021 0.48965125 49
1745387173021 0.489265 50
1745387173022 0.4892025 51
1745387173023 0.48910125 52
1745387173024 0.48901375 53
1745387173024 0.48910625 54
1745387173025 0.48895 55
1745387173026 0.488955 56
1745387173027 0.4888275 57
1745387173027 0.48857375 58
1745387173028 0.48852125 59
1745387173029 0.4883975 60
1745387173030 0.48834 61
1745387173030 0.48818 62
1745387173031 0.488105 63
1745387173032 0.4878425 64
1745387173033 0.487755 65
1745387173034 0.48791625 66
1745387173035 0.48789875 67
1745387173035 0.48785875 68
1745387173036 0.48782625 69
1745387173037 0.48783 70
1745387173038 0.4877075 71
1745387173039 0.48779875 72
1745387173040 0.48775625 73
1745387173040 0.48760625 74
1745387173041 0.48752125 75
1745387173042 0.48753125 76
1745387173043 0.4873525 77
1745387173044 0.48711625 78
1745387173044 0.4870025 79
1745387173045 0.4870125 80
1745387173046 0.4868475 81
1745387173047 0.4865325 82
1745387173048 0.48658 83
1745387173048 0.4863925 84
1745387173049 0.48640125 85
1745387173050 0.4863625 86
1745387173051 0.48634625 87
1745387173051 0.4862925 88
1745387173052 0.48607875 89
1745387173053 0.4860325 90
1745387173054 0.48595125 91
1745387173054 0.4859225 92
1745387173055 0.4859875 93
1745387173056 0.48587 94
1745387173057 0.48589375 95
1745387173057 0.48569 96
1745387173058 0.48553875 97
1745387173059 0.48559125 98
1745387173060 0.48536 99
