1745387173463 0.503255028695455 0
1745387173465 0.5040070554904024 1
1745387173465 0.5043971256196452 2
1745387173466 0.5050246299733462 3
1745387173467 0.5060430955893558 4
1745387173468 0.5065978242260075 5
1745387173469 0.5072906245908908 6
1745387173469 0.5081712957292339 7
1745387173470 0.5084092706204187 8
1745387173471 0.5089160890781912 9
1745387173472 0.5089708680741925 10
1745387173472 0.5092066572515483 11
1745387173473 0.5091509734880785 12
1745387173474 0.5097234712890644 13
1745387173474 0.5099002779493532 14
1745387173475 0.5103800645301664 15
1745387173476 0.5104174312906857 16
1745387173477 0.5104035125935729 17
1745387173477 0.5111020332388626 18
1745387173478 0.5111829829381934 19
1745387173479 0.5115287271739859 20
1745387173480 0.512104394215805 21
1745387173480 0.5122946521378793 22
1745387173481 0.5126516391840819 23
1745387173482 0.512771712022511 24
1745387173483 0.5128850792504007 25
1745387173484 0.5128434588655886 26
1745387173485 0.5132963761010235 27
1745387173486 0.5136572522895262 28
1745387173487 0.513807074326077 29
1745387173488 0.5139488366868291 30
1745387173489 0.5138884958888693 31
1745387173490 0.5141241756660022 32
1745387173491 0.5141920157229938 33
1745387173491 0.5145882275710019 34
1745387173492 0.5150348869843099 35
1745387173493 0.5152211821514341 36
1745387173494 0.5154055966053508 37
1745387173494 0.5157912443849569 38
1745387173495 0.5159980632095283 39
1745387173496 0.5160164726814173 40
1745387173497 0.516060173051718 41
1745387173498 0.5161673598420136 42
1745387173498 0.5164210168901548 43
1745387173499 0.5168147708737795 44
1745387173500 0.5171251369218548 45
1745387173501 0.5171852427787109 46
1745387173502 0.5173288186244085 47
1745387173502 0.5174303095937223 48
1745387173503 0.5175081192710295 49
1745387173504 0.5178265205229786 50
1745387173504 0.5178815875195667 51
1745387173505 0.5181478733621924 52
1745387173506 0.5183022379548747 53
1745387173507 0.5184174188739604 54
1745387173508 0.5185258113479628 55
1745387173508 0.5185578508820016 56
1745387173509 0.5186527757973105 57
1745387173510 0.5188047065225333 58
1745387173511 0.5189481316866738 59
1745387173512 0.5191202789749679 60
1745387173512 0.5193438811649898 61
1745387173513 0.5195862561026408 62
1745387173514 0.5196844057245208 63
1745387173515 0.5197491227813984 64
1745387173515 0.5199165619163485 65
1745387173516 0.5198739766858202 66
1745387173517 0.519874536990087 67
1745387173518 0.5199054809406431 68
1745387173518 0.5200417827902681 69
1745387173519 0.5201210351830152 70
1745387173520 0.5202798158221964 71
1745387173521 0.5204339032674391 72
1745387173521 0.5204684415846947 73
1745387173522 0.5205372921781205 74
1745387173523 0.5205965987520978 75
1745387173523 0.5205980679550917 76
1745387173525 0.5208326325612022 77
1745387173526 0.5210534107954694 78
1745387173527 0.5213201654078004 79
1745387173528 0.5212850264205706 80
1745387173530 0.5213533832942403 81
1745387173531 0.52167002065197 82
1745387173531 0.5215933206487992 83
1745387173532 0.5217728411677431 84
1745387173533 0.5220920773682687 85
1745387173534 0.5221727757952125 86
1745387173534 0.5223551948763131 87
1745387173535 0.5224560702974976 88
1745387173536 0.5226324224162352 89
1745387173537 0.5227126504390954 90
1745387173537 0.5228344747404686 91
1745387173538 0.5229124398180924 92
1745387173539 0.523067523415365 93
1745387173540 0.5233062771050119 94
1745387173540 0.5233004115430593 95
1745387173541 0.5234323236274889 96
1745387173542 0.5235667059794524 97
1745387173543 0.5237156719736338 98
1745387173543 0.5238546316067997 99
