1745387173136 0.4999959442049428 0
1745387173137 0.4999928359568415 1
1745387173138 0.4999892633754614 2
1745387173139 0.4999853462803865 3
1745387173139 0.49998115293660594 4
1745387173140 0.4999777165234181 5
1745387173141 0.4999733672409419 6
1745387173142 0.49996894980710926 7
1745387173143 0.49996512485835154 8
1745387173143 0.4999614822998852 9
1745387173144 0.49995910762267504 10
1745387173145 0.49995634628736185 11
1745387173146 0.49995316019459207 12
1745387173147 0.4999493290846638 13
1745387173148 0.49994674747296514 14
1745387173148 0.49994302187993245 15
1745387173149 0.49994024169393697 16
1745387173150 0.4999377829801207 17
1745387173151 0.4999346211220142 18
1745387173152 0.49993270853780747 19
1745387173152 0.4999295794268259 20
1745387173153 0.49992517544258963 21
1745387173154 0.49992242393541386 22
1745387173155 0.4999195769606927 23
1745387173155 0.49991789001300835 24
1745387173156 0.4999147492844455 25
1745387173157 0.4999123661345532 26
1745387173158 0.49990904214653964 27
1745387173158 0.4999059484565534 28
1745387173159 0.49990404396695776 29
1745387173160 0.4999008698098172 30
1745387173161 0.49989752606352444 31
1745387173162 0.49989393974162283 32
1745387173162 0.4998920843230417 33
1745387173163 0.49988739487806944 34
1745387173164 0.4998838981799732 35
1745387173164 0.4998807522036802 36
1745387173165 0.4998784514139734 37
1745387173166 0.4998751483297696 38
1745387173167 0.49987232667289166 39
1745387173167 0.49987095487218214 40
1745387173168 0.4998689840744772 41
1745387173169 0.4998667775725192 42
1745387173170 0.499863724809865 43
1745387173170 0.49985994235424847 44
1745387173171 0.4998564409580283 45
1745387173172 0.4998544126597035 46
1745387173173 0.4998509871586493 47
1745387173173 0.4998494175029073 48
1745387173174 0.4998473466932027 49
1745387173175 0.4998440586345068 50
1745387173176 0.4998421067379725 51
1745387173176 0.49983832724143695 52
1745387173177 0.4998352471664482 53
1745387173178 0.499832973675274 54
1745387173179 0.49982977641018217 55
1745387173179 0.49982857516558277 56
1745387173180 0.4998257745067586 57
1745387173181 0.4998230785800185 58
1745387173182 0.49981975968572323 59
1745387173182 0.49981743072436285 60
1745387173183 0.4998141392010715 61
1745387173184 0.49981087938800395 62
1745387173184 0.4998081024489287 63
1745387173185 0.4998055535200516 64
1745387173186 0.49980284011616055 65
1745387173187 0.4998015730051052 66
1745387173188 0.49980031209012876 67
1745387173188 0.49979820392131186 68
1745387173189 0.4997954964280313 69
1745387173190 0.49979373517039316 70
1745387173191 0.49979097698571484 71
1745387173191 0.49978885473586215 72
1745387173192 0.4997876244729395 73
1745387173193 0.49978475312114 74
1745387173194 0.4997828070765437 75
1745387173195 0.4997813370959388 76
1745387173196 0.4997777357737025 77
1745387173197 0.4997739602775428 78
1745387173197 0.4997700034578847 79
1745387173200 0.499767996454149 80
1745387173201 0.49976527065532994 81
1745387173202 0.49976127606335147 82
1745387173203 0.49975915722034214 83
1745387173204 0.4997573114379917 84
1745387173204 0.4997541338363884 85
1745387173205 0.4997520292745557 86
1745387173206 0.4997493036918042 87
1745387173207 0.49974708952502456 88
1745387173208 0.4997439302559182 89
1745387173209 0.49974200383136236 90
1745387173209 0.49973945472271203 91
1745387173210 0.4997365079894663 92
1745387173211 0.4997341115944612 93
1745387173212 0.4997314427753135 94
1745387173212 0.49972963302255174 95
1745387173213 0.4997275104693557 96
1745387173214 0.499723456017369 97
1745387173215 0.49972077578905333 98
1745387173215 0.49971806449811923 99
