1745387105272 0.4999986333809793 0
1745387105273 0.499997103555873 1
1745387105274 0.4999956180107966 2
1745387105274 0.4999944253605977 3
1745387105275 0.49999288840856404 4
1745387105276 0.4999916786168143 5
1745387105276 0.49999019078042356 6
1745387105277 0.49998878942959013 7
1745387105278 0.4999872900689021 8
1745387105279 0.4999861113061756 9
1745387105280 0.4999850972912461 10
1745387105280 0.49998439932033417 11
1745387105281 0.4999830951924622 12
1745387105282 0.49998199746396393 13
1745387105283 0.4999807220255584 14
1745387105283 0.49997942503072323 15
1745387105284 0.49997838981851933 16
1745387105285 0.4999776824356988 17
1745387105286 0.4999765308666974 18
1745387105287 0.49997594723109157 19
1745387105287 0.49997472118914127 20
1745387105288 0.49997342281125484 21
1745387105289 0.49997241819199173 22
1745387105290 0.4999714422490075 23
1745387105290 0.4999706372031942 24
1745387105291 0.4999695169305801 25
1745387105292 0.49996864432726057 26
1745387105293 0.49996697959374636 27
1745387105294 0.4999659812622145 28
1745387105294 0.49996518381360916 29
1745387105295 0.4999642005063966 30
1745387105296 0.4999630163936317 31
1745387105297 0.49996223689496516 32
1745387105297 0.49996158128611745 33
1745387105298 0.49996051585357637 34
1745387105299 0.49995952822934836 35
1745387105300 0.49995836611837147 36
1745387105300 0.49995773501891644 37
1745387105301 0.4999567596008256 38
1745387105302 0.49995589267317203 39
1745387105303 0.4999552396725863 40
1745387105304 0.4999543721764162 41
1745387105304 0.49995376446917655 42
1745387105305 0.49995281395118685 43
1745387105306 0.4999515252628177 44
1745387105307 0.4999504407247901 45
1745387105307 0.4999496845281124 46
1745387105308 0.4999486023199558 47
1745387105309 0.499948023865819 48
1745387105310 0.49994728564560414 49
1745387105310 0.49994640339277685 50
1745387105312 0.49994568450294435 51
1745387105312 0.4999446291263774 52
1745387105313 0.4999435256789252 53
1745387105314 0.49994269084040077 54
1745387105315 0.49994217143416403 55
1745387105315 0.49994164195671675 56
1745387105316 0.4999410680646822 57
1745387105317 0.49994019569143655 58
1745387105318 0.49993915156811475 59
