1745387105365 0.5023312264067212 0
1745387105366 0.5026434771398871 1
1745387105367 0.5027016740991033 2
1745387105367 0.5029702344026137 3
1745387105368 0.5034904577814522 4
1745387105369 0.503486635348663 5
1745387105370 0.5040208894498426 6
1745387105370 0.5039600274945708 7
1745387105371 0.5043164746709232 8
1745387105372 0.5046393078537785 9
1745387105373 0.5046713680316094 10
1745387105374 0.5047691753309168 11
1745387105374 0.5047593547202798 12
1745387105375 0.5054646125761735 13
1745387105376 0.505442527784295 14
1745387105376 0.5057788188789493 15
1745387105377 0.5057552504621726 16
1745387105378 0.5058966037564662 17
1745387105379 0.5061358875440682 18
1745387105379 0.5061372870594201 19
1745387105380 0.5061404565690037 20
1745387105381 0.506377296582876 21
1745387105382 0.5064055057684844 22
1745387105383 0.5067830188596391 23
1745387105383 0.5068862158324293 24
1745387105384 0.5068655381809183 25
1745387105385 0.5068095226480224 26
1745387105386 0.5071193448856145 27
1745387105386 0.5071472534956105 28
1745387105387 0.5071781871430208 29
1745387105388 0.5072133796678595 30
1745387105389 0.5072315686205492 31
1745387105389 0.5072633285821432 32
1745387105390 0.5072841948434136 33
1745387105391 0.5074575682435813 34
1745387105392 0.5077111009102191 35
1745387105393 0.5077661058223056 36
1745387105393 0.5077853220739638 37
1745387105394 0.5079734056791072 38
1745387105395 0.5080519871423621 39
1745387105396 0.5080817840218309 40
1745387105396 0.5081376367856453 41
1745387105397 0.5081751367901861 42
1745387105398 0.5082134467588775 43
1745387105399 0.5085405301910187 44
1745387105399 0.508667269702408 45
1745387105400 0.5087828083190975 46
1745387105401 0.5087714553209629 47
1745387105402 0.5087988988550112 48
1745387105403 0.5088506072572553 49
1745387105403 0.5089126480743044 50
1745387105404 0.5089212727762543 51
1745387105405 0.5089439861600387 52
1745387105406 0.5090086587605757 53
1745387105407 0.5091198075120698 54
1745387105407 0.5090900324388954 55
1745387105408 0.5090943605914652 56
1745387105409 0.5090825316329856 57
1745387105410 0.5090768152775871 58
1745387105410 0.5091019484506774 59
