1745387104981 0.6931444878854602 0
1745387104982 0.6931416630367935 1
1745387104983 0.6931388512455672 2
1745387104984 0.6931366707128286 3
1745387104985 0.693134022314325 4
1745387104986 0.6931319488057495 5
1745387104986 0.6931293466505408 6
1745387104988 0.6931269497079402 7
1745387104988 0.6931243122711033 8
1745387104989 0.6931224043290317 9
1745387104990 0.6931208296722918 10
1745387104991 0.6931195625446737 11
1745387104992 0.6931175324986875 12
1745387104993 0.693115597140491 13
1745387104993 0.6931135134900361 14
1745387104994 0.6931113894556463 15
1745387104995 0.6931099669400602 16
1745387104996 0.6931087017630786 17
1745387104997 0.6931066538237035 18
1745387104998 0.6931057510165125 19
1745387104999 0.6931033812759817 20
1745387104999 0.6931009553275257 21
1745387105000 0.6930996098434925 22
1745387105001 0.6930976719173044 23
1745387105002 0.6930961938079446 24
1745387105003 0.6930943960305304 25
1745387105003 0.6930930204237252 26
1745387105004 0.6930900169046224 27
1745387105005 0.6930884100174904 28
1745387105006 0.6930870199670642 29
1745387105006 0.6930856502094865 30
1745387105007 0.6930839116156846 31
1745387105008 0.6930826236665248 32
1745387105009 0.6930813703469187 33
1745387105010 0.6930794414809346 34
1745387105010 0.6930775442939997 35
1745387105011 0.6930756020307541 36
1745387105012 0.6930745554573834 37
1745387105013 0.6930727194564045 38
1745387105013 0.6930711267242581 39
1745387105014 0.6930699426583201 40
1745387105015 0.6930683462096751 41
1745387105016 0.6930672901411354 42
1745387105016 0.6930656443610043 43
1745387105017 0.6930631577753276 44
1745387105018 0.693061350974366 45
1745387105019 0.6930600083465129 46
1745387105020 0.6930582591674477 47
1745387105020 0.6930571827098727 48
1745387105021 0.693055807299018 49
1745387105022 0.6930543329441547 50
1745387105023 0.6930531169794499 51
1745387105024 0.6930515149425716 52
1745387105024 0.6930494605188817 53
1745387105025 0.6930478744776547 54
1745387105026 0.6930470234807581 55
1745387105027 0.6930462250341475 56
1745387105028 0.6930453256209195 57
1745387105028 0.6930440142578632 58
1745387105029 0.6930423101786524 59
