1745387105178 0.4999986729294891 0
1745387105179 0.4999972315225474 1
1745387105179 0.4999958580261459 2
1745387105180 0.49999477061068354 3
1745387105181 0.49999341826972216 4
1745387105182 0.49999237681958986 5
1745387105183 0.49999106993635495 6
1745387105184 0.4999898965554991 7
1745387105184 0.4999885785616666 8
1745387105185 0.49998760628146 9
1745387105186 0.49998682229798547 10
1745387105187 0.4999861842236936 11
1745387105188 0.4999851763844829 12
1745387105188 0.4999842182761532 13
1745387105189 0.49998316322306063 14
1745387105190 0.4999821134647166 15
1745387105191 0.49998140280900566 16
1745387105191 0.49998076572468625 17
1745387105192 0.4999797359506111 18
1745387105193 0.49997928833897587 19
1745387105194 0.4999781028989321 20
1745387105194 0.49997689864456035 21
1745387105195 0.4999762199018397 22
1745387105196 0.4999752491855647 23
1745387105197 0.49997451347546384 24
1745387105198 0.49997360966769316 25
1745387105198 0.49997293065756226 26
1745387105199 0.4999714241575126 27
1745387105200 0.49997062267727377 28
1745387105201 0.49996992565290693 29
1745387105202 0.49996924230834655 30
1745387105202 0.49996837415325424 31
1745387105203 0.49996773318014687 32
1745387105204 0.4999671078666736 33
1745387105205 0.4999661394767998 34
1745387105205 0.4999651894049196 35
1745387105206 0.49996421572074096 36
1745387105207 0.4999636983794112 37
1745387105208 0.49996277867133615 38
1745387105208 0.49996198115596424 39
1745387105209 0.4999613927197681 40
1745387105210 0.4999605928761543 41
1745387105211 0.4999600663050673 42
1745387105212 0.4999592429226499 43
1745387105213 0.4999579995884395 44
1745387105213 0.49995709842379166 45
1745387105214 0.49995643018845964 46
1745387105215 0.49995555428071586 47
1745387105216 0.4999550157675112 48
1745387105216 0.4999543284726649 49
1745387105217 0.49995359179332755 50
1745387105218 0.4999529837138767 51
1745387105219 0.49995218339915143 52
1745387105220 0.49995115778668087 53
1745387105220 0.4999503648201887 54
1745387105221 0.4999499360237193 55
1745387105222 0.4999495406344485 56
1745387105223 0.49994909082471944 57
1745387105224 0.49994843762057384 58
1745387105224 0.4999475869800498 59
