1745387105077 0.49818875 0
1745387105078 0.4976225 1
1745387105079 0.4974 2
1745387105079 0.4975775 3
1745387105080 0.49747875 4
1745387105081 0.4973425 5
1745387105082 0.4972675 6
1745387105083 0.497135 7
1745387105084 0.4969925 8
1745387105084 0.49697625 9
1745387105085 0.49693875 10
1745387105086 0.49685125 11
1745387105087 0.49693125 12
1745387105088 0.4966725 13
1745387105088 0.496675 14
1745387105089 0.4966725 15
1745387105090 0.49663625 16
1745387105091 0.49664 17
1745387105092 0.49663875 18
1745387105093 0.496695 19
1745387105094 0.49667125 20
1745387105094 0.4964175 21
1745387105095 0.49643875 22
1745387105096 0.49635625 23
1745387105097 0.49625 24
1745387105098 0.49618875 25
1745387105099 0.4960225 26
1745387105100 0.496115 27
1745387105101 0.4961 28
1745387105102 0.49611 29
1745387105102 0.49611125 30
1745387105103 0.4961275 31
1745387105104 0.49615375 32
1745387105105 0.49613375 33
1745387105105 0.496105 34
1745387105106 0.49599125 35
1745387105107 0.49596125 36
1745387105108 0.4958375 37
1745387105108 0.4956625 38
1745387105109 0.49571375 39
1745387105110 0.495655 40
1745387105111 0.49569125 41
1745387105112 0.49560625 42
1745387105113 0.49555625 43
1745387105113 0.4951925 44
1745387105114 0.4951625 45
1745387105115 0.4952925 46
1745387105116 0.4952325 47
1745387105117 0.49515125 48
1745387105117 0.49503125 49
1745387105118 0.49504125 50
1745387105119 0.495045 51
1745387105120 0.4948725 52
1745387105120 0.49486625 53
1745387105121 0.494815 54
1745387105122 0.49478 55
1745387105123 0.49477375 56
1745387105124 0.4948025 57
1745387105125 0.4948075 58
1745387105125 0.49466125 59
